{"ABW": {"crystal system": "orthorhombic", "elastic tensor": [[73.5255, 67.9444, 102.4028, 0.0, 0.0, 0.0], [67.9444, 192.4755, 126.8975, 0.0, 0.0, 0.0], [102.4028, 126.8975, 199.0272, 0.0, 0.0, 0.0], [0.0, 0.0, 0.0, 19.3464, 0.0, 0.0], [0.0, 0.0, 0.0, 0.0, 37.7481, 0.0], [0.0, 0.0, 0.0, 0.0, 0.0, -8.1188]], "space group": "Pna21"}, "ACO": {"crystal system": "tetragonal", "elastic tensor": [[124.0156, 105.6064, 105.6064, 0.0, 0.0, 0.0], [105.6064, 124.0156, 105.6064, 0.0, 0.0, 0.0], [105.6064, 105.6064, 124.0156, 0.0, 0.0, 0.0], [0.0, 0.0, 0.0, 31.9691, 0.0, 0.0], [0.0, 0.0, 0.0, 0.0, 31.9691, 0.0], [0.0, 0.0, 0.0, 0.0, 0.0, 31.9691]], "space group": "I-42m"}, "AEI": {"crystal system": "monoclinic", "elastic tensor": [[108.7671, 74.2841, 63.4932, 0.0, 0.0, 0.0], [74.2841, 90.4527, 55.335, 0.0, 0.0, 0.0], [63.4932, 55.335, 101.5432, 0.0, 0.0, 0.0], [0.0, 0.0, 0.0, 10.6954, 0.0, 0.0], [0.0, 0.0, 0.0, 0.0, 14.1604, 0.0], [0.0, 0.0, 0.0, 0.0, 0.0, 25.2851]], "space group": "C12/c1"}, "AEL": {"crystal system": "orthorhombic", "elastic tensor": [[101.8172, 14.7874, 14.9965, 0.0, 0.0, 0.0], [14.7874, 107.4757, 47.626, 0.0, 0.0, 0.0], [14.9965, 47.626, 106.8761, -0.0001, 0.0, 0.0], [0.0, 0.0, -0.0001, 18.0175, 0.0, 0.0], [0.0, 0.0, 0.0, 0.0, 27.2948, 0.0], [0.0, 0.0, 0.0, 0.0, 0.0, 22.9135]], "space group": "Ibm2"}, "AEN": {"crystal system": "orthorhombic", "elastic tensor": [[120.6666, 83.381, 71.4897, 0.0, 0.0, 0.0], [83.381, 136.3668, 52.403, 0.0, 0.0, 0.0], [71.4897, 52.403, 146.8469, 0.0, 0.0, 0.0], [0.0, 0.0, 0.0, 23.703, 0.0, 0.0], [0.0, 0.0, 0.0, 0.0, 17.532, 0.0], [0.0, 0.0, 0.0, 0.0, 0.0, 28.2029]], "space group": "P212121"}, "AET": {"crystal system": "orthorhombic", "elastic tensor": [[71.6857, 55.384, 27.7422, 0.0, 0.0, 0.0], [55.384, 102.0901, 40.4305, 0.0, 0.0, 0.0], [27.7422, 40.4305, 122.3986, 0.0, 0.0, 0.0], [0.0, 0.0, 0.0, 20.8017, 0.0, 0.0], [0.0, 0.0, 0.0, 0.0, 22.507, 0.0], [0.0, 0.0, 0.0, 0.0, 0.0, 14.2606]], "space group": "Cmc21"}, "AFG": {"crystal system": "hexagonal", "elastic tensor": [[129.1648, 94.6869, 97.3767, 0.0, 0.0, 0.0], [94.6869, 129.1648, 97.3767, 0.0, 0.0, 0.0], [97.3767, 97.3767, 172.3458, 0.0, 0.0, 0.0], [0.0, 0.0, 0.0, 16.5111, 0.0, 0.0], [0.0, 0.0, 0.0, 0.0, 16.5111, 0.0], [0.0, 0.0, 0.0, 0.0, 0.0, 17.2389]], "space group": "P63mc"}, "AFI": {"crystal system": "hexagonal", "elastic tensor": [[117.8441, 77.4805, 68.2407, 0.0, 0.0, 0.0], [77.4805, 117.8441, 68.2407, 0.0, 0.0, 0.0], [68.2407, 68.2407, 204.532, 0.0, 0.0, 0.0], [0.0, 0.0, 0.0, 31.0525, 0.0, 0.0], [0.0, 0.0, 0.0, 0.0, 31.0525, 0.0], [0.0, 0.0, 0.0, 0.0, 0.0, 20.1818]], "space group": "P6cc"}, "AFN": {"crystal system": "triclinic", "elastic tensor": [[85.2788, 29.3934, 34.8611, 0.0, 27.7342, 0.0], [29.3934, 100.6086, 32.8392, 0.0, 9.8888, 0.0], [34.8611, 32.8392, 56.5326, 0.0, 17.4753, 0.0], [0.0, 0.0, 0.0, 14.3833, 0.0, 1.3502], [27.7342, 9.8888, 17.4753, 0.0, 23.581, 0.0], [0.0, 0.0, 0.0, 1.3502, 0.0, 12.1323]], "space group": "P-1"}, "AFO": {"crystal system": "monoclinic", "elastic tensor": [[145.2752, 59.5095, 30.4618, 0.0, 0.0, 0.0], [59.5095, 103.7981, 16.9722, 0.0, 0.0, 0.0], [30.4618, 16.9722, 111.7789, 0.0, 0.0, 0.0], [0.0, 0.0, 0.0, 22.5337, 0.0, 0.0], [0.0, 0.0, 0.0, 0.0, 24.0623, 0.0], [0.0, 0.0, 0.0, 0.0, 0.0, 8.8098]], "space group": "P1121"}, "AFR": {"crystal system": "orthorhombic", "elastic tensor": [[78.3936, 50.2667, 38.7403, 0.0, 0.0, 0.0], [50.2667, 86.3802, 41.8148, 0.0, 0.0, 0.0], [38.7403, 41.8148, 79.0453, 0.0, 0.0, 0.0], [0.0, 0.0, 0.0, 12.9614, 0.0, 0.0], [0.0, 0.0, 0.0, 0.0, 8.4825, 0.0], [0.0, 0.0, 0.0, 0.0, 0.0, 17.1786]], "space group": "Pccn"}, "AFS": {"crystal system": "trigonal", "elastic tensor": [[81.7989, 54.2868, 57.8093, 0.0, 0.0, 0.0], [54.2868, 81.7989, 57.8093, 0.0, 0.0, 0.0], [57.8093, 57.8093, 108.3026, 0.0, 0.0, 0.0], [0.0, 0.0, 0.0, 9.9096, 0.0, 0.0], [0.0, 0.0, 0.0, 0.0, 9.9096, 0.0], [0.0, 0.0, 0.0, 0.0, 0.0, 13.7561]], "space group": "P3c1"}, "AFT": {"crystal system": "trigonal", "elastic tensor": [[111.0626, 75.2208, 65.7315, 0.0, 0.0, 0.0], [75.2208, 111.0626, 65.7315, 0.0, 0.0, 0.0], [65.7315, 65.7315, 67.9899, 0.0, 0.0, 0.0], [0.0, 0.0, 0.0, 19.9544, 0.0, 0.0], [0.0, 0.0, 0.0, 0.0, 19.9544, 0.0], [0.0, 0.0, 0.0, 0.0, 0.0, 17.9209]], "space group": "P-31c"}, "AFX": {"crystal system": "trigonal", "elastic tensor": [[111.165, 74.9984, 65.236, 0.0, 0.0, 0.0], [74.9984, 111.165, 65.236, 0.0, 0.0, 0.0], [65.236, 65.236, 67.0242, 0.0, 0.0, 0.0], [0.0, 0.0, 0.0, 20.1823, 0.0, 0.0], [0.0, 0.0, 0.0, 0.0, 20.1823, 0.0], [0.0, 0.0, 0.0, 0.0, 0.0, 18.0833]], "space group": "P-31c"}, "AFY": {"crystal system": "trigonal", "elastic tensor": [[63.7966, 44.1342, 42.5917, 0.0, 2.1732, 0.0], [44.1342, 63.7966, 42.5917, 0.0, -2.1732, 0.0], [42.5917, 42.5917, 101.251, 0.0, 0.0, 0.0], [0.0, 0.0, 0.0, 8.6306, 0.0, -2.1732], [2.1732, -2.1732, 0.0, 0.0, 8.6306, 0.0], [0.0, 0.0, 0.0, -2.1732, 0.0, 9.8312]], "space group": "P-3"}, "AHT": {"crystal system": "monoclinic", "elastic tensor": [[216.3448, 73.3458, 106.4004, 0.0, 0.0, 0.0], [73.3458, 52.7355, 48.6671, 0.0, 0.0, 0.0], [106.4004, 48.6671, 222.8533, 0.0, 0.0, 0.0], [0.0, 0.0, 0.0, 19.8495, 0.0, 0.0], [0.0, 0.0, 0.0, 0.0, 30.3363, 0.0], [0.0, 0.0, 0.0, 0.0, 0.0, 22.9053]], "space group": "P1121"}, "ANA": {"crystal system": "cubic", "elastic tensor": [[159.0527, 75.332, 75.332, 0.0, 0.0, 0.0], [75.332, 159.0527, 75.332, 0.0, 0.0, 0.0], [75.332, 75.332, 159.0527, 0.0, 0.0, 0.0], [0.0, 0.0, 0.0, 25.6391, 0.0, 0.0], [0.0, 0.0, 0.0, 0.0, 25.6391, 0.0], [0.0, 0.0, 0.0, 0.0, 0.0, 25.6391]], "space group": "Ia-3d"}, "APC": {"crystal system": "orthorhombic", "elastic tensor": [[80.4564, 51.7253, 86.3817, 0.0, 0.0, 0.0], [51.7253, 77.3576, 100.7803, 0.0, 0.0, 0.0], [86.3817, 100.7803, 199.0525, 0.0, 0.0, 0.0], [0.0, 0.0, 0.0, 31.3901, 0.0, 0.0], [0.0, 0.0, 0.0, 0.0, 29.1891, 0.0], [0.0, 0.0, 0.0, 0.0, 0.0, 13.8767]], "space group": "Pbca"}, "APD": {"crystal system": "orthorhombic", "elastic tensor": [[162.2468, 87.0563, 87.7594, 0.0, 0.0, 0.0], [87.0563, 144.7057, 130.3294, 0.0, 0.0, 0.0], [87.7594, 130.3294, 152.0493, 0.0, 0.0, 0.0], [0.0, 0.0, 0.0, 36.7119, 0.0, 0.0], [0.0, 0.0, 0.0, 0.0, 26.3051, 0.0], [0.0, 0.0, 0.0, 0.0, 0.0, 25.0946]], "space group": "Pca21"}, "AST": {"crystal system": "cubic", "elastic tensor": [[125.1051, 105.3135, 105.3135, 0.0, 0.0, 0.0], [105.3135, 125.1051, 105.3135, 0.0, 0.0, 0.0], [105.3135, 105.3135, 125.1051, 0.0, 0.0, 0.0], [0.0, 0.0, 0.0, 26.0558, 0.0, 0.0], [0.0, 0.0, 0.0, 0.0, 26.0558, 0.0], [0.0, 0.0, 0.0, 0.0, 0.0, 26.0558]], "space group": "F23"}, "ASV": {"crystal system": "tetragonal", "elastic tensor": [[67.7208, 2.046, 40.4898, 0.0, 0.0, 0.0], [2.046, 67.7208, 40.4898, 0.0, 0.0, 0.0], [40.4898, 40.4898, 100.5554, 0.0, 0.0, 0.0], [0.0, 0.0, 0.0, 32.9522, 0.0, 0.0], [0.0, 0.0, 0.0, 0.0, 32.9522, 0.0], [0.0, 0.0, 0.0, 0.0, 0.0, 6.3708]], "space group": "P4/mcc"}, "ATN": {"crystal system": "tetragonal", "elastic tensor": [[132.4847, 66.3942, 58.778, 0.0, 0.0, 0.0], [66.3942, 132.4847, 58.778, 0.0, 0.0, 0.0], [58.778, 58.778, 145.1969, 0.0, 0.0, 0.0], [0.0, 0.0, 0.0, 44.7819, 0.0, 0.0], [0.0, 0.0, 0.0, 0.0, 44.7819, 0.0], [0.0, 0.0, 0.0, 0.0, 0.0, 8.0529]], "space group": "I4/m"}, "ATO": {"crystal system": "trigonal", "elastic tensor": [[88.6959, 78.1557, 67.1365, 10.3988, -0.3045, 0.1236], [78.1557, 88.973, 67.344, -10.3462, 0.2878, 0.028], [67.1365, 67.344, 151.9832, 0.0424, 0.0234, 0.0284], [10.3988, -10.3462, 0.0424, 15.9768, 0.0324, 0.2276], [-0.3045, 0.2878, 0.0234, 0.0324, 16.0267, 10.2935], [0.1236, 0.028, 0.0284, 0.2276, 10.2935, 5.4104]], "space group": "R-3"}, "ATS": {"crystal system": "monoclinic", "elastic tensor": [[109.4014, 66.7347, 46.7205, 0.0, 0.0, 0.0], [66.7347, 140.9165, 66.5765, 0.0, 0.0, 0.0], [46.7205, 66.5765, 133.6644, 0.0, 0.0, 0.0], [0.0, 0.0, 0.0, 17.0245, 0.0, 0.0], [0.0, 0.0, 0.0, 0.0, 215.8854, 0.0], [0.0, 0.0, 0.0, 0.0, 0.0, 15.9371]], "space group": "C12/c1"}, "ATT": {"crystal system": "orthorhombic", "elastic tensor": [[78.991, 60.5581, 93.2415, 0.0, 0.0, 0.0], [60.5581, 111.7954, 95.8092, 0.0, 0.0, 0.0], [93.2415, 95.8092, 161.0093, 0.0, 0.0, 0.0], [0.0, 0.0, 0.0, 16.5681, 0.0, 0.0], [0.0, 0.0, 0.0, 0.0, 32.7464, 0.0], [0.0, 0.0, 0.0, 0.0, 0.0, 13.3377]], "space group": "P21212"}, "ATV": {"crystal system": "orthorhombic", "elastic tensor": [[235.9203, 85.37, 92.1428, 0.0, 0.0, 0.0], [85.37, 142.4115, 118.9646, 0.0, 0.0, 0.0], [92.1428, 118.9646, 169.427, 0.0, 0.0, 0.0], [0.0, 0.0, 0.0, -12.2383, 0.0, 0.0], [0.0, 0.0, 0.0, 0.0, 28.3697, 0.0], [0.0, 0.0, 0.0, 0.0, 0.0, 27.751]], "space group": "Aemm"}, "AWO": {"crystal system": "monoclinic", "elastic tensor": [[68.7642, 55.2161, 68.0603, 0.0, 0.0, 0.0], [55.2161, 102.4265, 88.2152, 0.0, 0.0, 0.0], [68.0603, 88.2152, 153.8572, 0.0, 0.0, 0.0], [0.0, 0.0, 0.0, 17.0868, 0.0, 0.0], [0.0, 0.0, 0.0, 0.0, 22.2534, 0.0], [0.0, 0.0, 0.0, 0.0, 0.0, 6.9119]], "space group": "P121/a1"}, "AWW": {"crystal system": "tetragonal", "elastic tensor": [[85.3719, 51.3509, 54.9329, 0.0, 0.0, 0.0], [51.3509, 85.3719, 54.9329, 0.0, 0.0, 0.0], [54.9329, 54.9329, 97.41, 0.0, 0.0, 0.0], [0.0, 0.0, 0.0, 18.337, 0.0, 0.0], [0.0, 0.0, 0.0, 0.0, 18.337, 0.0], [0.0, 0.0, 0.0, 0.0, 0.0, 14.5942]], "space group": "P4/ncc"}, "BCT": {"crystal system": "tetragonal", "elastic tensor": [[155.2027, 128.7097, 130.778, 0.0, 0.0, 0.0], [128.7097, 155.2027, 130.778, 0.0, 0.0, 0.0], [130.778, 130.778, 239.954, 0.0, 0.0, 0.0], [0.0, 0.0, 0.0, 34.6264, 0.0, 0.0], [0.0, 0.0, 0.0, 0.0, 34.6264, 0.0], [0.0, 0.0, 0.0, 0.0, 0.0, 30.2854]], "space group": "I4mm"}, "BEA": {"crystal system": "tetragonal", "elastic tensor": [[81.9797, 39.9781, 61.0, 0.0, 0.0, 0.0], [39.9781, 81.9797, 61.0, 0.0, 0.0, 0.0], [61.0, 61.0, 99.9489, 0.0, 0.0, 0.0], [0.0, 0.0, 0.0, 14.4428, 0.0, 0.0], [0.0, 0.0, 0.0, 0.0, 14.4428, 0.0], [0.0, 0.0, 0.0, 0.0, 0.0, 12.2137]], "space group": "P4122"}, "BEC": {"crystal system": "tetragonal", "elastic tensor": [[80.513, 40.8566, 57.2193, 0.0, 0.0, 0.0], [40.8566, 80.513, 57.2193, 0.0, 0.0, 0.0], [57.2193, 57.2193, 103.102, 0.0, 0.0, 0.0], [0.0, 0.0, 0.0, 21.9737, 0.0, 0.0], [0.0, 0.0, 0.0, 0.0, 21.9737, 0.0], [0.0, 0.0, 0.0, 0.0, 0.0, 13.6755]], "space group": "I41/amd"}, "BIK": {"crystal system": "triclinic", "elastic tensor": [[222.6079, 111.0851, 71.9093, 0.0, 0.0, 0.0], [111.0851, 164.1498, 113.9056, 0.0, 0.0, 0.0], [71.9093, 113.9056, 193.6916, 0.0, 0.0, 0.0], [0.0, 0.0, 0.0, 46.0019, 0.0, 0.0], [0.0, 0.0, 0.0, 0.0, 20.351, 0.0], [0.0, 0.0, 0.0, 0.0, 0.0, 50.8678]], "space group": "P1"}, "BOF": {"crystal system": "orthorhombic", "elastic tensor": [[111.1292, 36.0273, 48.3105, 0.0, 0.0, 0.0], [36.0273, 74.101, 48.7087, 0.0, 0.0, 0.0], [48.3105, 48.7087, 66.0172, 0.0, 0.0, 0.0], [0.0, 0.0, 0.0, 25.2101, 0.0, 0.0], [0.0, 0.0, 0.0, 0.0, 14.7767, 0.0], [0.0, 0.0, 0.0, 0.0, 0.0, 17.4926]], "space group": "Pnma"}, "BOG": {"crystal system": "orthorhombic", "elastic tensor": [[120.4937, 34.7584, 53.7179, 0.0, 0.0, 0.0], [34.7584, 81.7308, 47.4925, 0.0, 0.0, 0.0], [53.7179, 47.4925, 79.9511, 0.0, 0.0, 0.0], [0.0, 0.0, 0.0, 19.9755, 0.0, 0.0], [0.0, 0.0, 0.0, 0.0, 17.4904, 0.0], [0.0, 0.0, 0.0, 0.0, 0.0, 13.7268]], "space group": "Imma"}, "BPH": {"crystal system": "trigonal", "elastic tensor": [[82.2098, 54.7269, 58.0723, 0.0, 0.0, 0.0], [54.7269, 82.2098, 58.0723, 0.0, 0.0, 0.0], [58.0723, 58.0723, 108.0293, 0.0, 0.0, 0.0], [0.0, 0.0, 0.0, 9.8247, 0.0, 0.0], [0.0, 0.0, 0.0, 0.0, 9.8247, 0.0], [0.0, 0.0, 0.0, 0.0, 0.0, 13.7414]], "space group": "P321"}, "BRE": {"crystal system": "monoclinic", "elastic tensor": [[103.635, 39.6683, 40.9783, 0.0, 9.2186, 0.0], [39.6683, 87.4638, 49.1194, 0.0, 3.2744, 0.0], [40.9783, 49.1194, 102.3414, 0.0, -1.6195, 0.0], [0.0, 0.0, 0.0, 7.3443, 0.0, -2.289], [9.2186, 3.2744, -1.6195, 0.0, 19.5584, 0.0], [0.0, 0.0, 0.0, -2.289, 0.0, 11.7158]], "space group": "P121/m1"}, "BSV": {"crystal system": "cubic", "elastic tensor": [[97.7596, 63.247, 63.247, 0.0, 0.0, 0.0], [63.247, 97.7596, 63.247, 0.0, 0.0, 0.0], [63.247, 63.247, 97.7596, 0.0, 0.0, 0.0], [0.0, 0.0, 0.0, 27.072, 0.0, 0.0], [0.0, 0.0, 0.0, 0.0, 27.0719, 0.0], [0.0, 0.0, 0.0, 0.0, 0.0, 27.072]], "space group": "Ia-3d"}, "CAN": {"crystal system": "hexagonal", "elastic tensor": [[137.6355, 100.9065, 93.6882, 0.0, 0.0, -0.0004], [100.9065, 137.6349, 93.6879, 0.0, 0.0, -0.0002], [93.6882, 93.6879, 178.771, 0.0, 0.0, -0.0002], [0.0, 0.0, 0.0, 12.1922, -0.0002, 0.0], [0.0, 0.0, 0.0, -0.0002, 12.1923, 0.0], [-0.0004, -0.0002, -0.0002, 0.0, 0.0, 18.3644]], "space group": "P63"}, "CAS": {"crystal system": "orthorhombic", "elastic tensor": [[184.4055, 99.2917, 96.4136, 0.0, 0.0, 0.0], [99.2917, 219.1031, 96.7574, 0.0, 0.0, 0.0], [96.4136, 96.7574, 158.8437, 0.0, 0.0, 0.0], [0.0, 0.0, 0.0, 28.7724, 0.0, 0.0], [0.0, 0.0, 0.0, 0.0, 26.9925, 0.0], [0.0, 0.0, 0.0, 0.0, 0.0, 26.1301]], "space group": "Ama2"}, "CDO": {"crystal system": "orthorhombic", "elastic tensor": [[182.9423, 72.6158, 59.0423, 0.0, 0.0, 0.0], [72.6158, 127.3557, 74.2005, 0.0, 0.0, 0.0], [59.0423, 74.2005, 167.413, 0.0, 0.0, 0.0], [0.0, 0.0, 0.0, 19.6948, 0.0, 0.0], [0.0, 0.0, 0.0, 0.0, 21.7664, 0.0], [0.0, 0.0, 0.0, 0.0, 0.0, 21.1361]], "space group": "Pnma"}, "CFI": {"crystal system": "orthorhombic", "elastic tensor": [[138.4293, 68.7911, 68.4387, 0.0, 0.0, 0.0], [68.7911, 171.5152, 88.6275, 0.0, 0.0, 0.0], [68.4387, 88.6275, 126.3525, 0.0, 0.0, 0.0], [0.0, 0.0, 0.0, 14.6007, 0.0, 0.0], [0.0, 0.0, 0.0, 0.0, 29.1639, 0.0], [0.0, 0.0, 0.0, 0.0, 0.0, 28.3914]], "space group": "Pmn21"}, "CGF": {"crystal system": "monoclinic", "elastic tensor": [[58.3766, -7.8552, 19.3896, 0.0, 4.8445, 0.0], [-7.8552, 38.1836, 14.6775, 0.0, -13.5255, 0.0], [19.3896, 14.6775, 69.0298, 0.0, -4.6063, 0.0], [0.0, 0.0, 0.0, 11.5945, 0.0, -3.4275], [4.8445, -13.5255, -4.6063, 0.0, 32.9768, 0.0], [0.0, 0.0, 0.0, -3.4275, 0.0, 8.4803]], "space group": "I12/a1"}, "CGS": {"crystal system": "monoclinic", "elastic tensor": [[69.1884, 11.6725, 28.9594, 0.0, 0.0, 0.0], [11.6725, 39.7271, 20.8373, 0.0, 0.0, 0.0], [28.9594, 20.8373, 60.7681, 0.0, 0.0, 0.0], [0.0, 0.0, 0.0, 13.9525, 0.0, 0.0], [0.0, 0.0, 0.0, 0.0, 14.7586, 0.0], [0.0, 0.0, 0.0, 0.0, 0.0, 9.9843]], "space group": "P121/c1"}, "CHA": {"crystal system": "rhombohedral", "elastic tensor": [[112.1305, 74.3008, 66.8946, 5.1884, 0.0, 0.0], [74.3008, 112.1305, 66.8946, -5.1884, 0.0, 0.0], [66.8946, 66.8946, 70.2986, 0.0, 0.0, 0.0], [5.1884, -5.1884, 0.0, 19.53, 0.0, 0.0], [0.0, 0.0, 0.0, 0.0, 19.53, 5.1884], [0.0, 0.0, 0.0, 0.0, 5.1884, 18.9149]], "space group": "R-3m"}, "CON": {"crystal system": "monoclinic", "elastic tensor": [[83.5252, 56.4198, 66.301, 0.0, 0.5446, 0.0], [56.4198, 107.4467, 55.0746, 0.0, -3.4958, 0.0], [66.301, 55.0746, 103.2418, 0.0, 1.2554, 0.0], [0.0, 0.0, 0.0, 16.8777, 0.0, -0.0732], [0.5446, -3.4958, 1.2554, 0.0, 12.3655, 0.0], [0.0, 0.0, 0.0, -0.0732, 0.0, 19.0688]], "space group": "C12/m1"}, "CZP": {"crystal system": "hexagonal", "elastic tensor": [[60.2946, 18.9127, 41.9912, 0.0, 0.0, 0.0], [18.9127, 60.2946, 41.9912, 0.0, 0.0, 0.0], [41.9912, 41.9912, 158.173, 0.0, 0.0, 0.0], [0.0, 0.0, 0.0, 30.7614, 0.0, 0.0], [0.0, 0.0, 0.0, 0.0, 30.7614, 0.0], [0.0, 0.0, 0.0, 0.0, 0.0, 20.6909]], "space group": "P6122"}, "DAC": {"crystal system": "monoclinic", "elastic tensor": [[149.6654, 95.9889, 68.4957, 0.0, 2.1986, 0.0], [95.9889, 201.0204, 46.4877, 0.0, 9.121, 0.0], [68.4957, 46.4877, 98.7943, 0.0, -7.1294, 0.0], [0.0, 0.0, 0.0, 15.1382, 0.0, -2.2987], [2.1986, 9.121, -7.1294, 0.0, 20.8431, 0.0], [0.0, 0.0, 0.0, -2.2987, 0.0, 25.1251]], "space group": "C12/m1"}, "DFO": {"crystal system": "hexagonal", "elastic tensor": [[93.9567, 57.458, 42.7668, 0.0, 0.0, 0.0], [57.458, 93.9567, 42.7668, 0.0, 0.0, 0.0], [42.7668, 42.7668, 80.094, 0.0, 0.0, 0.0], [0.0, 0.0, 0.0, 13.4054, 0.0, 0.0], [0.0, 0.0, 0.0, 0.0, 13.4054, 0.0], [0.0, 0.0, 0.0, 0.0, 0.0, 18.2494]], "space group": "P6/mmm"}, "DFT": {"crystal system": "monoclinic", "elastic tensor": [[181.8044, 106.3015, 64.5213, 0.0, 0.0, 0.0], [106.3015, 181.8044, 64.5213, 0.0, 0.0, 0.0], [64.5213, 64.5213, 88.3086, 0.0, 0.0, 0.0], [0.0, 0.0, 0.0, 1.1961, 0.0, 0.0], [0.0, 0.0, 0.0, 0.0, 1.1961, 0.0], [0.0, 0.0, 0.0, 0.0, 0.0, 9.0303]], "space group": "I112/b"}, "DOH": {"crystal system": "hexagonal", "elastic tensor": [[71.9261, 18.4128, 33.716, 0.0181, -0.0069, 0.024], [18.4128, 71.8938, 33.2347, 0.037, -0.0183, -0.0321], [33.716, 33.2347, 67.7215, -0.0088, 0.0029, -0.0876], [0.0181, 0.037, -0.0088, 23.1551, 0.0146, 0.0102], [-0.0069, -0.0183, 0.0029, 0.0146, 23.1693, 0.0073], [0.024, -0.0321, -0.0876, 0.0102, 0.0073, 26.7319]], "space group": "P6/mmm"}, "DON": {"crystal system": "monoclinic", "elastic tensor": [[105.2794, 61.8339, 61.094, 0.0, 0.0, 0.0], [61.8339, 89.5093, 59.3232, 0.0, 0.0, 0.0], [61.094, 59.3232, 135.872, 0.0, 0.0, 0.0], [0.0, 0.0, 0.0, 20.1078, 0.0, 0.0], [0.0, 0.0, 0.0, 0.0, 23.5245, 0.0], [0.0, 0.0, 0.0, 0.0, 0.0, 22.1687]], "space group": "P1c1"}, "EAB": {"crystal system": "hexagonal", "elastic tensor": [[109.4573, 75.7556, 75.0098, 0.0, 0.0, 0.0], [75.7556, 109.4573, 75.0098, 0.0, 0.0, 0.0], [75.0098, 75.0098, 99.3779, 0.0, 0.0, 0.0], [0.0, 0.0, 0.0, 19.3676, 0.0, 0.0], [0.0, 0.0, 0.0, 0.0, 19.3676, 0.0], [0.0, 0.0, 0.0, 0.0, 0.0, 16.8509]], "space group": "P63/mmc"}, "EDI": {"crystal system": "orthorhombic", "elastic tensor": [[177.8507, 62.8878, 74.8006, 0.0, 0.0, 0.0], [62.8878, 177.8507, 74.8006, 0.0, 0.0, 0.0], [74.8006, 74.8006, 133.4865, 0.0, 0.0, 0.0], [0.0, 0.0, 0.0, 9.1729, 0.0, 0.0], [0.0, 0.0, 0.0, 0.0, 9.1729, 0.0], [0.0, 0.0, 0.0, 0.0, 0.0, 10.3407]], "space group": "P21212"}, "EMT": {"crystal system": "hexagonal", "elastic tensor": [[81.382, 51.9077, 50.3141, 0.0, 0.0, 0.0], [51.9077, 81.382, 50.3141, 0.0, 0.0, 0.0], [50.3141, 50.3141, 79.5835, 0.0, 0.0, 0.0], [0.0, 0.0, 0.0, 12.8151, 0.0, 0.0], [0.0, 0.0, 0.0, 0.0, 12.8151, 0.0], [0.0, 0.0, 0.0, 0.0, 0.0, 14.7372]], "space group": "P63/mmc"}, "EON": {"crystal system": "orthorhombic", "elastic tensor": [[144.5598, 63.2627, 48.5033, 0.0, 0.0, 0.0], [63.2627, 110.7827, 73.7737, 0.0, 0.0, 0.0], [48.5033, 73.7737, 100.5488, 0.0, 0.0, 0.0], [0.0, 0.0, 0.0, 14.4416, 0.0, 0.0], [0.0, 0.0, 0.0, 0.0, 15.9619, 0.0], [0.0, 0.0, 0.0, 0.0, 0.0, 18.7629]], "space group": "Pmmn"}, "EPI": {"crystal system": "monoclinic", "elastic tensor": [[148.8904, 81.3665, 79.4002, 0.0, 27.1125, 0.0], [81.3665, 118.6479, 74.1195, 0.0, 7.4651, 0.0], [79.4002, 74.1195, 114.5004, 0.0, 5.1258, 0.0], [0.0, 0.0, 0.0, 18.768, 0.0, 3.0024], [27.1125, 7.4651, 5.1258, 0.0, 46.3377, 0.0], [0.0, 0.0, 0.0, 3.0024, 0.0, 23.5535]], "space group": "C2/m"}, "ERI": {"crystal system": "hexagonal", "elastic tensor": [[113.8989, 77.2101, 78.2873, 0.0, 0.0, 0.0], [77.2101, 113.8989, 78.2873, 0.0, 0.0, 0.0], [78.2873, 78.2873, 120.7753, 0.0, 0.0, 0.0], [0.0, 0.0, 0.0, 15.9035, 0.0, 0.0], [0.0, 0.0, 0.0, 0.0, 15.9035, 0.0], [0.0, 0.0, 0.0, 0.0, 0.0, 18.3444]], "space group": "P63/mmc"}, "ESV": {"crystal system": "orthorhombic", "elastic tensor": [[57.4663, 10.2549, 18.3601, 0.0, 0.0, 0.0], [10.2549, 39.2084, 8.3037, 0.0, 0.0, 0.0], [18.3601, 8.3037, 52.9106, 0.0, 0.0, 0.0], [0.0, 0.0, 0.0, 27.3257, 0.0, 0.0], [0.0, 0.0, 0.0, 0.0, 4.5178, 0.0], [0.0, 0.0, 0.0, 0.0, 0.0, 16.3952]], "space group": "Pnma"}, "ETR": {"crystal system": "hexagonal", "elastic tensor": [[51.9892, 29.0461, 32.1874, 0.0, 0.0, 0.0], [29.0461, 51.9892, 32.1874, 0.0, 0.0, 0.0], [32.1874, 32.1874, 76.7068, 0.0, 0.0, 0.0], [0.0, 0.0, 0.0, 11.5947, 0.0, 0.0], [0.0, 0.0, 0.0, 0.0, 11.5947, 0.0], [0.0, 0.0, 0.0, 0.0, 0.0, 11.4715]], "space group": "P63mc"}, "EUO": {"crystal system": "orthorhombic", "elastic tensor": [[128.6824, 50.5149, 34.4076, 0.0, 0.0, 0.0], [50.5149, 93.9951, 43.5981, 0.0, 0.0, 0.0], [34.4076, 43.5981, 84.4669, 0.0, 0.0, 0.0], [0.0, 0.0, 0.0, 24.7562, 0.0, 0.0], [0.0, 0.0, 0.0, 0.0, -45.125, 0.0], [0.0, 0.0, 0.0, 0.0, 0.0, 46.3117]], "space group": "Cmme"}, "EZT": {"crystal system": "monoclinic", "elastic tensor": [[55.6459, 16.3513, 32.8258, 0.0, 0.0003, 0.0], [16.3513, 85.3658, 51.9016, 0.0, 0.0, 0.0], [32.8258, 51.9016, 123.9793, 0.0, 0.0, 0.0], [0.0, 0.0, 0.0, 19.2762, 0.0, 0.0], [0.0003, 0.0, 0.0, 0.0, 12.8478, 0.0], [0.0, 0.0, 0.0, 0.0, 0.0, 9.8188]], "space group": "I2/m11"}, "FAR": {"crystal system": "hexagonal", "elastic tensor": [[128.3061, 92.2798, 86.4673, 0.003, 0.0046, 0.0001], [92.2798, 128.3054, 86.4671, 0.0027, 0.0054, 0.0001], [86.4673, 86.4671, 114.906, 0.0039, 0.007, 0.0001], [0.003, 0.0027, 0.0039, 15.7701, 0.0, -0.0003], [0.0046, 0.0054, 0.007, 0.0, 15.7701, -0.0002], [0.0001, 0.0001, 0.0001, -0.0003, -0.0002, 18.0129]], "space group": "P63/m"}, "FAU": {"crystal system": "cubic", "elastic tensor": [[76.2772, 53.7222, 53.7222, 0.0, 0.0, 0.0], [53.7222, 76.2772, 53.7222, 0.0, 0.0, 0.0], [53.7222, 53.7222, 76.2772, 0.0, 0.0, 0.0], [0.0, 0.0, 0.0, 15.8601, 0.0, 0.0], [0.0, 0.0, 0.0, 0.0, 15.8601, 0.0], [0.0, 0.0, 0.0, 0.0, 0.0, 15.8601]], "space group": "Fd-3m"}, "FER": {"crystal system": "orthorhombic", "elastic tensor": [[140.7953, 75.5845, 82.5272, 0.0, 0.0, 0.0], [75.5845, 149.4313, 59.8834, 0.0, 0.0, 0.0], [82.5272, 59.8834, 188.6753, 0.0, 0.0, 0.0], [0.0, 0.0, 0.0, 20.633, 0.0, 0.0], [0.0, 0.0, 0.0, 0.0, 18.5252, 0.0], [0.0, 0.0, 0.0, 0.0, 0.0, 14.3191]], "space group": "Immm"}, "FRA": {"crystal system": "trigonal", "elastic tensor": [[91.7484, 57.2271, 49.6563, -2.7434, 0.0096, -0.0039], [57.2271, 91.7229, 49.6535, 2.731, 0.0065, -0.0126], [49.6563, 49.6535, 76.7176, 0.0006, -0.0019, -0.001], [-2.7434, 2.731, 0.0006, 18.9023, -0.0086, 0.0015], [0.0096, 0.0065, -0.0019, -0.0086, 18.9139, -2.7393], [-0.0039, -0.0126, -0.001, 0.0015, -2.7393, 17.2484]], "space group": "P321"}, "GIS": {"crystal system": "monoclinic", "elastic tensor": [[67.5083, 46.609, 88.696, 0.0, 0.0, 0.0], [46.609, 67.5084, 88.696, 0.0, 0.0, 0.0], [88.696, 88.696, 179.8208, 0.0, 0.0, 0.0], [0.0, 0.0, 0.0, 28.4735, 0.0, 0.0], [0.0, 0.0, 0.0, 0.0, 28.4735, 0.0], [0.0, 0.0, 0.0, 0.0, 0.0, 13.6163]], "space group": "P1121/a"}, "GIU": {"crystal system": "trigonal", "elastic tensor": [[124.5905, 90.7481, 76.6825, 0.0001, 0.0001, 0.0002], [90.7481, 124.5904, 76.6825, 0.0001, 0.0001, -0.0002], [76.6825, 76.6825, 109.774, 0.0001, 0.0001, 0.0], [0.0001, 0.0001, 0.0001, 11.3241, 0.0002, 0.0], [0.0001, 0.0001, 0.0001, 0.0002, 11.324, 0.0], [0.0002, -0.0002, 0.0, 0.0, 0.0, 16.9209]], "space group": "P31c"}, "GME": {"crystal system": "hexagonal", "elastic tensor": [[112.6805, 73.3029, 63.7608, 0.0, 0.0, 0.0], [73.3029, 112.6805, 63.7608, 0.0, 0.0, 0.0], [63.7608, 63.7608, 64.0328, 0.0, 0.0, 0.0], [0.0, 0.0, 0.0, 20.6281, 0.0, 0.0], [0.0, 0.0, 0.0, 0.0, 20.6281, 0.0], [0.0, 0.0, 0.0, 0.0, 0.0, 19.6888]], "space group": "P63/mmc"}, "GON": {"crystal system": "orthorhombic", "elastic tensor": [[79.6525, 41.6934, 17.7841, 0.0, 0.0, 0.0], [41.6934, 87.2114, 3.4946, 0.0, 0.0, 0.0], [17.7841, 3.4946, 58.7389, 0.0, 0.0, 0.0], [0.0, 0.0, 0.0, 11.2583, 0.0, 0.0], [0.0, 0.0, 0.0, 0.0, 33.3856, 0.0], [0.0, 0.0, 0.0, 0.0, 0.0, 13.3636]], "space group": "C222"}, "GOO": {"crystal system": "monoclinic", "elastic tensor": [[44.8642, 24.6933, 15.8082, 0.0, 0.0, 0.0], [24.6933, 77.4035, 40.1621, 0.0, 0.0, 0.0], [15.8082, 40.1621, 78.6063, 0.0, 0.0, 0.0], [0.0, 0.0, 0.0, 24.3784, 0.0, 0.0], [0.0, 0.0, 0.0, 0.0, 12.9011, 0.0], [0.0, 0.0, 0.0, 0.0, 0.0, 1.3755]], "space group": "P1211"}, "HEU": {"crystal system": "monoclinic", "elastic tensor": [[91.762, 30.5495, 27.218, 0.0, -7.6926, 0.0], [30.5495, 74.2277, 26.3944, 0.0, -13.0666, 0.0], [27.218, 26.3944, 87.2597, 0.0, -14.0388, 0.0], [0.0, 0.0, 0.0, 8.717, 0.0, -0.7736], [-7.6926, -13.0666, -14.0388, 0.0, 24.7745, 0.0], [0.0, 0.0, 0.0, -0.7736, 0.0, 9.6437]], "space group": "Cm"}, "IFR": {"crystal system": "monoclinic", "elastic tensor": [[67.9924, 48.5888, 28.3939, 0.0, 0.185, 0.0], [48.5888, 78.4165, 40.019, 0.0, 1.3578, 0.0], [28.3939, 40.019, 101.0571, 0.0, 3.7355, 0.0], [0.0, 0.0, 0.0, 14.3142, 0.0, 1.7716], [0.185, 1.3578, 3.7355, 0.0, 13.5784, 0.0], [0.0, 0.0, 0.0, 1.7716, 0.0, 21.1528]], "space group": "I12/m1"}, "IHW": {"crystal system": "orthorhombic", "elastic tensor": [[100.6517, 26.0872, 19.5245, 0.0, 0.0, 0.0], [26.0872, 87.8165, 39.4753, 0.0, 0.0, 0.0], [19.5245, 39.4753, 70.8544, 0.0, 0.0, 0.0], [0.0, 0.0, 0.0, 20.4082, 0.0, 0.0], [0.0, 0.0, 0.0, 0.0, 21.1318, 0.0], [0.0, 0.0, 0.0, 0.0, 0.0, 20.0749]], "space group": "Cmce"}, "IMF": {"crystal system": "orthorhombic", "elastic tensor": [[109.8344, 41.6689, 29.6101, 0.0, 0.0, 0.0], [41.6689, 75.333, 31.9459, 0.0, 0.0, 0.0], [29.6101, 31.9459, 79.7404, 0.0, 0.0, 0.0], [0.0, 0.0, 0.0, 10.0819, 0.0, 0.0], [0.0, 0.0, 0.0, 0.0, 22.5209, 0.0], [0.0, 0.0, 0.0, 0.0, 0.0, 17.2327]], "space group": "Cmcm"}, "IRR": {"crystal system": "hexagonal", "elastic tensor": [[50.1295, 29.1883, 32.4784, 0.0, 0.0, 0.0002], [29.1883, 50.1295, 32.4799, 0.0, 0.0, -0.0003], [32.4784, 32.4799, 81.7736, 0.0, 0.0, 0.0009], [0.0, 0.0, 0.0, 8.208, -0.0001, 0.0], [0.0, 0.0, 0.0, -0.0001, 8.2081, 0.0], [0.0002, -0.0003, 0.0009, 0.0, 0.0, 10.4702]], "space group": "P6/mmm"}, "ISV": {"crystal system": "tetragonal", "elastic tensor": [[95.3497, 59.766, 51.5503, 0.0, 0.0, 0.0], [59.766, 95.3497, 51.5503, 0.0, 0.0, 0.0], [51.5503, 51.5503, 84.7811, 0.0, 0.0, 0.0], [0.0, 0.0, 0.0, 17.1164, 0.0, 0.0], [0.0, 0.0, 0.0, 0.0, 17.1164, 0.0], [0.0, 0.0, 0.0, 0.0, 0.0, 22.4672]], "space group": "P42/mmc"}, "ITE": {"crystal system": "orthorhombic", "elastic tensor": [[75.1725, 46.5877, 55.2948, 0.0, 0.0, 0.0], [46.5877, 107.308, 51.1496, 0.0, 0.0, 0.0], [55.2948, 51.1496, 111.4747, 0.0, 0.0, 0.0], [0.0, 0.0, 0.0, 16.0888, 0.0, 0.0], [0.0, 0.0, 0.0, 0.0, 9.9373, 0.0], [0.0, 0.0, 0.0, 0.0, 0.0, 12.3533]], "space group": "Cmcm"}, "ITH": {"crystal system": "orthorhombic", "elastic tensor": [[90.2517, 54.7821, 38.9151, 0.0, 0.0, 0.0], [54.7821, 98.7136, 52.3389, 0.0, 0.0, 0.0], [38.9151, 52.3389, 77.3325, 0.0, 0.0, 0.0], [0.0, 0.0, 0.0, 18.8026, 0.0, 0.0], [0.0, 0.0, 0.0, 0.0, 17.7063, 0.0], [0.0, 0.0, 0.0, 0.0, 0.0, 16.1088]], "space group": "Amm2"}, "ITR": {"crystal system": "orthorhombic", "elastic tensor": [[97.4626, 50.5769, 53.8848, 0.0, 0.0, 0.0], [50.5769, 76.0858, 38.3222, 0.0, 0.0, 0.0], [53.8848, 38.3222, 90.3474, 0.0, 0.0, 0.0], [0.0, 0.0, 0.0, 17.5152, 0.0, 0.0], [0.0, 0.0, 0.0, 0.0, 16.4755, 0.0], [0.0, 0.0, 0.0, 0.0, 0.0, 19.3923]], "space group": "Cmcm"}, "ITW": {"crystal system": "monoclinic", "elastic tensor": [[85.7772, 58.3409, 67.0077, 0.0, 5.6448, 0.0], [58.3409, 121.0923, 83.1979, 0.0, 8.9861, 0.0], [67.0077, 83.1979, 105.162, 0.0, 9.9692, 0.0], [0.0, 0.0, 0.0, 21.1056, 0.0, -3.9459], [5.6448, 8.9861, 9.9692, 0.0, 29.5285, 0.0], [0.0, 0.0, 0.0, -3.9459, 0.0, 22.4341]], "space group": "C1m1"}, "IWR": {"crystal system": "orthorhombic", "elastic tensor": [[74.9748, 53.9501, 55.3309, 0.0, 0.0, 0.0], [53.9501, 110.2155, 51.1383, 0.0, 0.0, 0.0], [55.3309, 51.1383, 91.8901, 0.0, 0.0, 0.0], [0.0, 0.0, 0.0, 17.7225, 0.0, 0.0], [0.0, 0.0, 0.0, 0.0, 27.0572, 0.0], [0.0, 0.0, 0.0, 0.0, 0.0, 20.2939]], "space group": "Cmmm"}, "IWS": {"crystal system": "tetragonal", "elastic tensor": [[90.6712, 48.8995, 49.8926, 0.0, 0.0, 0.0], [48.8995, 90.6712, 49.8926, 0.0, 0.0, 0.0], [49.8926, 49.8926, 81.4488, 0.0, 0.0, 0.0], [0.0, 0.0, 0.0, 16.0164, 0.0, 0.0], [0.0, 0.0, 0.0, 0.0, 16.0164, 0.0], [0.0, 0.0, 0.0, 0.0, 0.0, 14.9466]], "space group": "I4/mmm"}, "IWV": {"crystal system": "orthorhombic", "elastic tensor": [[93.7743, 56.9714, 50.1929, 0.0, 0.0, 0.0], [56.9714, 86.113, 40.0534, 0.0, 0.0002, 0.0], [50.1929, 40.0534, 121.4531, -0.0001, 0.0002, 0.0], [0.0, 0.0, -0.0001, -23.6063, 0.0, 0.0], [0.0, 0.0002, 0.0002, 0.0, 18.5584, 0.0], [0.0, 0.0, 0.0, 0.0, 0.0, 16.2918]], "space group": "Fmmm"}, "IWW": {"crystal system": "orthorhombic", "elastic tensor": [[83.9349, 44.327, 40.0092, 0.0, 0.0, 0.0], [44.327, 81.5617, 45.8208, 0.0, 0.0, 0.0], [40.0092, 45.8208, 84.7907, 0.0, 0.0, 0.0], [0.0, 0.0, 0.0, 21.6204, 0.0, 0.0], [0.0, 0.0, 0.0, 0.0, 31.4404, 0.0], [0.0, 0.0, 0.0, 0.0, 0.0, 20.0021]], "space group": "Pbam"}, "JBW": {"crystal system": "orthorhombic", "elastic tensor": [[199.7769, 68.704, 115.955, 0.0, 0.0, 0.0], [68.704, 120.0077, 99.8108, 0.0, 0.0, 0.0], [115.955, 99.8108, 161.4429, 0.0, 0.0, 0.0], [0.0, 0.0, 0.0, 20.7443, 0.0, 0.0], [0.0, 0.0, 0.0, 0.0, 32.6094, 0.0], [0.0, 0.0, 0.0, 0.0, 0.0, 27.8634]], "space group": "Pna21"}, "JRY": {"crystal system": "orthorhombic", "elastic tensor": [[120.4442, 59.3788, 65.0176, 0.0, 0.0, 0.0], [59.3788, 137.568, 73.6907, 0.0, 0.0, 0.0], [65.0176, 73.6907, 103.4656, 0.0, 0.0, 0.0], [0.0, 0.0, 0.0, 8.2087, 0.0, 0.0], [0.0, 0.0, 0.0, 0.0, 9.9209, 0.0], [0.0, 0.0, 0.0, 0.0, 0.0, 25.6188]], "space group": "P212121"}, "KFI": {"crystal system": "cubic", "elastic tensor": [[108.9983, 66.4898, 66.4898, 0.0, 0.0, 0.0], [66.4898, 108.9983, 66.4898, 0.0, 0.0, 0.0], [66.4898, 66.4898, 108.9983, 0.0, 0.0, 0.0], [0.0, 0.0, 0.0, 12.569, 0.0, 0.0], [0.0, 0.0, 0.0, 0.0, 12.569, 0.0], [0.0, 0.0, 0.0, 0.0, 0.0, 12.569]], "space group": "Im-3m"}, "LAU": {"crystal system": "monoclinic", "elastic tensor": [[73.428, 64.1622, 43.367, 0.0, 3.0356, 0.0], [64.1622, 98.1077, 36.5409, 0.0, 0.1577, 0.0], [43.367, 36.5409, 73.8251, 0.0, 3.2606, 0.0], [0.0, 0.0, 0.0, 14.5534, 0.0, 0.7044], [3.0356, 0.1577, 3.2606, 0.0, 13.6008, 0.0], [0.0, 0.0, 0.0, 0.7044, 0.0, 24.299]], "space group": "Am"}, "LEV": {"crystal system": "trigonal", "elastic tensor": [[109.468, 77.4586, 76.6601, -1.1642, 0.0, 0.0], [77.4586, 109.468, 76.6601, 1.1642, 0.0, 0.0], [76.6601, 76.6601, 106.119, 0.0, 0.0, 0.0], [-1.1642, 1.1642, 0.0, 18.4722, 0.0, 0.0], [0.0, 0.0, 0.0, 0.0, 18.4722, -1.1642], [0.0, 0.0, 0.0, 0.0, -1.1642, 16.0047]], "space group": "R-3m"}, "LIO": {"crystal system": "hexagonal", "elastic tensor": [[125.3491, 90.6293, 96.3371, 0.0, 0.0, 0.0], [90.6293, 125.3491, 96.3371, 0.0, 0.0, 0.0], [96.3371, 96.3371, 171.951, 0.0, 0.0, 0.0], [0.0, 0.0, 0.0, 19.9388, 0.0, 0.0], [0.0, 0.0, 0.0, 0.0, 19.9388, 0.0], [0.0, 0.0, 0.0, 0.0, 0.0, 17.3599]], "space group": "P-6"}, "LOS": {"crystal system": "hexagonal", "elastic tensor": [[118.0741, 83.7986, 94.7993, 0.0, 0.0, 0.0], [83.7986, 118.0741, 94.7993, 0.0, 0.0, 0.0], [94.7993, 94.7993, 171.0727, 0.0, 0.0, 0.0], [0.0, 0.0, 0.0, 18.9689, 0.0, 0.0], [0.0, 0.0, 0.0, 0.0, 18.9689, 0.0], [0.0, 0.0, 0.0, 0.0, 0.0, 17.1377]], "space group": "P63mc"}, "LOV": {"crystal system": "orthorhombic", "elastic tensor": [[159.1152, 93.7207, 61.2911, 0.0, 0.0, 0.0], [93.7207, 159.1152, 61.2911, 0.0, 0.0, 0.0], [61.2911, 61.2911, 105.4535, 0.0, 0.0, 0.0], [0.0, 0.0, 0.0, 21.7426, 0.0, 0.0], [0.0, 0.0, 0.0, 0.0, 21.7426, 0.0], [0.0, 0.0, 0.0, 0.0, 0.0, 10.726]], "space group": "Pma2"}, "LTA": {"crystal system": "cubic", "elastic tensor": [[95.0569, 61.3105, 61.3105, 0.0, 0.0, 0.0], [61.3105, 95.0569, 61.3105, 0.0, 0.0, 0.0], [61.3105, 61.3105, 95.0569, 0.0, 0.0, 0.0], [0.0, 0.0, 0.0, 18.013, 0.0, 0.0], [0.0, 0.0, 0.0, 0.0, 18.013, 0.0], [0.0, 0.0, 0.0, 0.0, 0.0, 18.013]], "space group": "Fm-3c"}, "LTF": {"crystal system": "hexagonal", "elastic tensor": [[102.3714, 73.3537, 60.325, 0.0, 0.0, 0.0001], [73.3537, 102.3723, 60.3252, 0.0, 0.0, 0.0001], [60.325, 60.3252, 120.4962, 0.0, 0.0, 0.0], [0.0, 0.0, 0.0, 15.8344, 0.0, 0.0], [0.0, 0.0, 0.0, 0.0, 15.8344, 0.0], [0.0001, 0.0001, 0.0, 0.0, 0.0, 14.5091]], "space group": "P63/mmc"}, "LTL": {"crystal system": "hexagonal", "elastic tensor": [[89.0135, 68.5357, 41.4878, 0.0, 0.0, 0.0], [68.5357, 89.0135, 41.4878, 0.0, 0.0, 0.0], [41.4878, 41.4878, 76.7209, 0.0, 0.0, 0.0], [0.0, 0.0, 0.0, 10.935, 0.0, 0.0], [0.0, 0.0, 0.0, 0.0, 10.935, 0.0], [0.0, 0.0, 0.0, 0.0, 0.0, 10.2389]], "space group": "P6/mmm"}, "MAR": {"crystal system": "trigonal", "elastic tensor": [[131.4553, 94.3866, 98.3928, 0.0, -0.0001, -0.0005], [94.3866, 131.4588, 98.393, 0.0001, -0.0001, -0.0006], [98.3928, 98.393, 140.7004, 0.0001, -0.0001, -0.0016], [0.0, 0.0001, 0.0001, 15.9286, -0.001, 0.0], [-0.0001, -0.0001, -0.0001, -0.001, 15.9302, -0.0001], [-0.0005, -0.0006, -0.0016, 0.0, -0.0001, 18.5359]], "space group": "P31c"}, "MAZ": {"crystal system": "hexagonal", "elastic tensor": [[111.6253, 89.0306, 61.1696, 0.0, 0.0, 0.0], [89.0306, 111.6253, 61.1696, 0.0, 0.0, 0.0], [61.1696, 61.1696, 127.6249, 0.0, 0.0, 0.0], [0.0, 0.0, 0.0, 14.3916, 0.0, 0.0], [0.0, 0.0, 0.0, 0.0, 14.3916, 0.0], [0.0, 0.0, 0.0, 0.0, 0.0, 11.2974]], "space group": "P63/mmc"}, "MEI": {"crystal system": "hexagonal", "elastic tensor": [[78.0922, 49.926, 44.7147, 0.0, 0.0, 0.0], [49.926, 78.0922, 44.7147, 0.0, 0.0, 0.0], [44.7147, 44.7147, 113.2927, 0.0, 0.0, 0.0], [0.0, 0.0, 0.0, 9.3886, 0.0, 0.0], [0.0, 0.0, 0.0, 0.0, 9.3886, 0.0], [0.0, 0.0, 0.0, 0.0, 0.0, 14.0831]], "space group": "P63/m"}, "MEL": {"crystal system": "tetragonal", "elastic tensor": [[120.6109, 28.3442, 62.82, 0.0, 0.0, 0.0], [28.3442, 120.6109, 62.82, 0.0, 0.0, 0.0], [62.82, 62.82, 119.2905, 0.0, 0.0, 0.0], [0.0, 0.0, 0.0, 58.4287, 0.0, 0.0], [0.0, 0.0, 0.0, 0.0, 58.4287, 0.0], [0.0, 0.0, 0.0, 0.0, 0.0, 16.0429]], "space group": "I-4m2"}, "MEP": {"crystal system": "cubic", "elastic tensor": [[124.3835, 70.4149, 70.4149, 0.0, 0.0, 0.0], [70.4149, 124.3835, 70.4149, 0.0, 0.0, 0.0], [70.4149, 70.4149, 124.3835, 0.0, 0.0, 0.0], [0.0, 0.0, 0.0, -5055.1775, 0.0, 0.0], [0.0, 0.0, 0.0, 0.0, -5055.1775, 0.0], [0.0, 0.0, 0.0, 0.0, 0.0, -5055.1775]], "space group": "Pm-3n"}, "MER": {"crystal system": "orthorhombic", "elastic tensor": [[120.8718, 68.8094, 55.5649, 0.0, 0.0, 0.0], [68.8094, 120.8718, 55.5649, 0.0, 0.0, 0.0], [55.5649, 55.5649, 53.4621, 0.0, 0.0, 0.0], [0.0, 0.0, 0.0, 20.0228, 0.0, 0.0], [0.0, 0.0, 0.0, 0.0, 20.0228, 0.0], [0.0, 0.0, 0.0, 0.0, 0.0, 10.7242]], "space group": "Immm"}, "MFI": {"crystal system": "orthorhombic", "elastic tensor": [[99.1298, 16.8059, 39.7896, 0.0, 0.0, 0.0], [16.8059, 69.3857, 23.0986, 0.0, 0.0, 0.0], [39.7896, 23.0986, 73.7373, 0.0, 0.0, 0.0], [0.0, 0.0, 0.0, 31.4546, 0.0, 0.0], [0.0, 0.0, 0.0, 0.0, 15.884, 0.0], [0.0, 0.0, 0.0, 0.0, 0.0, 16.1561]], "space group": "Pnma"}, "MFS": {"crystal system": "orthorhombic", "elastic tensor": [[153.0633, 50.3547, 75.4521, 0.0, 0.0, 0.0], [50.3547, 107.9644, 64.0093, 0.0, 0.0, 0.0], [75.4521, 64.0093, 133.6926, 0.0, 0.0, 0.0], [0.0, 0.0, 0.0, 38.819, 0.0, 0.0], [0.0, 0.0, 0.0, 0.0, 26.0716, 0.0], [0.0, 0.0, 0.0, 0.0, 0.0, 2.5185]], "space group": "Imm2"}, "MON": {"crystal system": "tetragonal", "elastic tensor": [[193.3391, 93.3662, 64.6206, 0.0, 0.0, 0.0], [93.3662, 193.3391, 64.6206, 0.0, 0.0, 0.0], [64.6206, 64.6206, 141.0531, 0.0, 0.0, 0.0], [0.0, 0.0, 0.0, 23.7402, 0.0, 0.0], [0.0, 0.0, 0.0, 0.0, 23.7402, 0.0], [0.0, 0.0, 0.0, 0.0, 0.0, 28.5633]], "space group": "I41/amd"}, "MOR": {"crystal system": "orthorhombic", "elastic tensor": [[123.9115, 66.3661, 81.4935, 0.0, 0.0, 0.0], [66.3661, 103.4643, 43.5549, 0.0, 0.0, 0.0], [81.4935, 43.5549, 185.0153, 0.0, 0.0, 0.0], [0.0, 0.0, 0.0, 17.9088, 0.0, 0.0], [0.0, 0.0, 0.0, 0.0, 25.3921, 0.0], [0.0, 0.0, 0.0, 0.0, 0.0, 16.705]], "space group": "Cmcm"}, "MOZ": {"crystal system": "orthorhombic", "elastic tensor": [[90.646, 64.6848, 49.0604, 0.0, 0.0, 0.0002], [64.6848, 90.6463, 49.0605, 0.0, 0.0, 0.0002], [49.0604, 49.0605, 86.6392, 0.0, 0.0, 0.0001], [0.0, 0.0, 0.0, 13.2136, 0.0, 0.0], [0.0, 0.0, 0.0, 0.0, 13.2136, 0.0], [0.0002, 0.0002, 0.0001, 0.0, 0.0, 12.9807]], "space group": "Imma"}, "MRE": {"crystal system": "orthorhombic", "elastic tensor": [[76.579, 24.9308, 12.2082, 0.0, 0.0, 0.0], [24.9308, 114.8124, 57.7474, 0.0, 0.0, 0.0], [12.2082, 57.7474, 117.3442, 0.0, 0.0, 0.0], [0.0, 0.0, 0.0, 15.163, 0.0, 0.0], [0.0, 0.0, 0.0, 0.0, 24.4658, 0.0], [0.0, 0.0, 0.0, 0.0, 0.0, 23.8583]], "space group": "Imma"}, "MSE": {"crystal system": "tetragonal", "elastic tensor": [[98.8768, 57.412, 38.862, 0.0, -0.0001, 0.0], [57.412, 98.8768, 38.862, 0.0, -0.0001, 0.0], [38.862, 38.862, 56.6803, 0.0, -0.0001, 0.0], [0.0, 0.0, 0.0, 17.3484, 0.0, 0.0], [-0.0001, -0.0001, -0.0001, 0.0, 17.3484, 0.0], [0.0, 0.0, 0.0, 0.0, 0.0, 18.0382]], "space group": "P42/mnm"}, "MSO": {"crystal system": "rhombohedral", "elastic tensor": [[123.2095, 66.9105, 55.948, 5.2856, -0.0096, 0.0], [66.9105, 123.2096, 55.948, -5.2856, 0.0096, 0.0], [55.948, 55.948, 44.6208, 0.0, 0.0, 0.0], [5.2856, -5.2856, 0.0, 20.6836, 0.0, 0.0096], [-0.0096, 0.0096, 0.0, 0.0, 20.6836, 5.2856], [0.0, 0.0, 0.0, 0.0096, 5.2856, 28.1495]], "space group": "R-3m"}, "MTF": {"crystal system": "monoclinic", "elastic tensor": [[104.3456, 61.5563, 31.9175, 0.0, 18.9928, 0.0], [61.5563, 95.0825, 29.4169, 0.0, 9.3422, 0.0], [31.9175, 29.4169, 88.5596, 0.0, 20.6262, 0.0], [0.0, 0.0, 0.0, 22.4614, 0.0, -4.986], [18.9928, 9.3422, 20.6262, 0.0, 13.0167, 0.0], [0.0, 0.0, 0.0, -4.986, 0.0, 10.6109]], "space group": "C12/m1"}, "MTN": {"crystal system": "cubic", "elastic tensor": [[178.0552, 119.4597, 119.4597, 0.0, 0.0, 0.0], [119.4597, 178.0552, 119.4597, 0.0, 0.0, 0.0], [119.4597, 119.4597, 178.0552, 0.0, 0.0, 0.0], [0.0, 0.0, 0.0, 29.3223, 0.0, 0.0], [0.0, 0.0, 0.0, 0.0, 29.3223, 0.0], [0.0, 0.0, 0.0, 0.0, 0.0, 29.3223]], "space group": "Fd-3m"}, "MTT": {"crystal system": "orthorhombic", "elastic tensor": [[164.2315, 62.6985, 78.5676, 0.0, 0.0, 0.0], [62.6985, 129.5648, 55.9807, 0.0, 0.0, 0.0], [78.5676, 55.9807, 152.291, 0.0, 0.0, 0.0], [0.0, 0.0, 0.0, 33.1756, 0.0, 0.0], [0.0, 0.0, 0.0, 0.0, 17.4304, 0.0], [0.0, 0.0, 0.0, 0.0, 0.0, 29.892]], "space group": "Pmn21"}, "MTW": {"crystal system": "monoclinic", "elastic tensor": [[103.9247, 71.5432, 49.3848, 0.0, -5.1909, 0.0], [71.5432, 167.0195, 38.2257, 0.0, 9.05, 0.0], [49.3848, 38.2257, 57.9861, 0.0, -0.196, 0.0], [0.0, 0.0, 0.0, -8.6845, 0.0, 0.5135], [-5.1909, 9.05, -0.196, 0.0, 28.1559, 0.0], [0.0, 0.0, 0.0, 0.5135, 0.0, 32.8773]], "space group": "C12/c1"}, "MVY": {"crystal system": "orthorhombic", "elastic tensor": [[163.2515, 49.5824, 75.411, 0.0, 0.0, 0.0], [49.5824, 61.6959, 63.9368, 0.0, 0.0, 0.0], [75.411, 63.9368, 123.1876, 0.0, 0.0, 0.0], [0.0, 0.0, 0.0, 19.3325, 0.0, 0.0], [0.0, 0.0, 0.0, 0.0, 20.7752, 0.0], [0.0, 0.0, 0.0, 0.0, 0.0, 44.2202]], "space group": "Pmn21"}, "MWW": {"crystal system": "hexagonal", "elastic tensor": [[123.9762, 75.5698, 53.6236, 0.0, 0.0, 0.0], [75.5698, 123.9762, 53.6236, 0.0, 0.0, 0.0], [53.6236, 53.6236, 88.6612, 0.0, 0.0, 0.0], [0.0, 0.0, 0.0, 11.2628, 0.0, 0.0], [0.0, 0.0, 0.0, 0.0, 11.2628, 0.0], [0.0, 0.0, 0.0, 0.0, 0.0, 24.2032]], "space group": "P6/mmm"}, "NAB": {"crystal system": "orthorhombic", "elastic tensor": [[142.7507, 85.4113, 54.5077, 0.0, 0.0, 0.0], [85.4113, 142.7507, 54.5077, 0.0, 0.0, 0.0], [54.5077, 54.5077, 116.4641, 0.0, 0.0, 0.0], [0.0, 0.0, 0.0, 28.6094, 0.0, 0.0], [0.0, 0.0, 0.0, 0.0, 28.6094, 0.0], [0.0, 0.0, 0.0, 0.0, 0.0, 19.4799]], "space group": "P212121"}, "NAT": {"crystal system": "orthorhombic", "elastic tensor": [[179.4188, 64.4433, 71.6462, 0.0, 0.0, 0.0], [64.4433, 179.4188, 71.6462, 0.0, 0.0, 0.0], [71.6462, 71.6462, 141.3593, 0.0, 0.0, 0.0], [0.0, 0.0, 0.0, 11.1163, 0.0, 0.0], [0.0, 0.0, 0.0, 0.0, 11.1163, 0.0], [0.0, 0.0, 0.0, 0.0, 0.0, 10.3984]], "space group": "Fdd2"}, "NES": {"crystal system": "monoclinic", "elastic tensor": [[112.4984, 55.4699, 71.2972, 0.0, 0.0, 0.0], [55.4699, 159.0908, 64.1995, 0.0, 0.0, 0.0], [71.2972, 64.1995, 103.4353, 0.0, 0.0, 0.0], [0.0, 0.0, 0.0, 20.2986, 0.0, 0.0], [0.0, 0.0, 0.0, 0.0, 24.4492, 0.0], [0.0, 0.0, 0.0, 0.0, 0.0, 25.9366]], "space group": "P121/c1"}, "NON": {"crystal system": "orthorhombic", "elastic tensor": [[144.9413, 96.837, 98.3557, 0.0, 0.0, 0.0], [96.837, 171.8771, 101.1003, 0.0, 0.0, 0.0], [98.3557, 101.1003, 177.4707, 0.0, 0.0, 0.0], [0.0, 0.0, 0.0, 24.635, 0.0, 0.0], [0.0, 0.0, 0.0, 0.0, 29.5516, 0.0], [0.0, 0.0, 0.0, 0.0, 0.0, 31.3626]], "space group": "Fmmm"}, "NPO": {"crystal system": "orthorhombic", "elastic tensor": [[42.5661, -30.031, 8.1966, 0.0, 0.0, 0.0], [-30.031, 42.5661, 8.1966, 0.0, 0.0, 0.0], [8.1966, 8.1966, 113.3777, 0.0, 0.0, 0.0], [0.0, 0.0, 0.0, 16.8526, 0.0, 0.0], [0.0, 0.0, 0.0, 0.0, 16.8526, 0.0], [0.0, 0.0