{"ABW": {"crystal system": "orthorhombic", "elastic tensor": [[48.1756, 13.572, -15.3226, 0.0, 0.0, 0.0], [13.572, 246.6424, 139.1562, 0.0, 0.0, 0.0], [-15.3226, 139.1562, 183.8044, 0.0, 0.0, 0.0], [0.0, 0.0, 0.0, 43.5963, 0.0, 0.0], [0.0, 0.0, 0.0, 0.0, 28.9389, 0.0], [0.0, 0.0, 0.0, 0.0, 0.0, -12.0548]], "space group": "Pna21"}, "ACO": {"crystal system": "tetragonal", "elastic tensor": [[97.6772, 93.7352, 93.7352, 0.0, 0.0, 0.0], [93.7352, 97.6772, 93.7352, 0.0, 0.0, 0.0], [93.7352, 93.7352, 97.6772, 0.0, 0.0, 0.0], [0.0, 0.0, 0.0, 34.5856, 0.0, 0.0], [0.0, 0.0, 0.0, 0.0, 34.5856, 0.0], [0.0, 0.0, 0.0, 0.0, 0.0, 34.5856]], "space group": "I-42m"}, "AEI": {"crystal system": "monoclinic", "elastic tensor": [[97.9923, 70.122, 63.1471, 0.0, 0.0, 0.0], [70.122, 84.7577, 49.9036, 0.0, 0.0, 0.0], [63.1471, 49.9036, 96.7117, 0.0, 0.0, 0.0], [0.0, 0.0, 0.0, 7.604, 0.0, 0.0], [0.0, 0.0, 0.0, 0.0, 15.7859, 0.0], [0.0, 0.0, 0.0, 0.0, 0.0, 24.202]], "space group": "C12/c1"}, "AEL": {"crystal system": "orthorhombic", "elastic tensor": [[169.2413, 46.4295, 42.861, 0.0, 0.0, 0.0], [46.4295, 119.2527, 62.7501, 0.0, 0.0, 0.0], [42.861, 62.7501, 114.0467, 0.0, 0.0, 0.0], [0.0, 0.0, 0.0, 7.6251, 0.0, 0.0], [0.0, 0.0, 0.0, 0.0, 30.8748, 0.0], [0.0, 0.0, 0.0, 0.0, 0.0, 26.7971]], "space group": "Ibm2"}, "AEN": {"crystal system": "orthorhombic", "elastic tensor": [[117.1703, 79.4566, 64.5663, 0.0, 0.0, 0.0], [79.4566, 134.6953, 39.5522, 0.0, 0.0, 0.0], [64.5663, 39.5522, 135.0943, 0.0, 0.0, 0.0], [0.0, 0.0, 0.0, 24.7506, 0.0, 0.0], [0.0, 0.0, 0.0, 0.0, 18.4467, 0.0], [0.0, 0.0, 0.0, 0.0, 0.0, 16.5579]], "space group": "P212121"}, "AET": {"crystal system": "orthorhombic", "elastic tensor": [[63.2941, 64.1485, 44.7152, 0.0, 0.0, 0.0], [64.1485, 86.3101, 49.6353, 0.0, 0.0, 0.0], [44.7152, 49.6353, 179.6165, 0.0, 0.0, 0.0], [0.0, 0.0, 0.0, 22.8249, 0.0, 0.0], [0.0, 0.0, 0.0, 0.0, 24.2381, 0.0], [0.0, 0.0, 0.0, 0.0, 0.0, 14.1139]], "space group": "Cmc21"}, "AFG": {"crystal system": "hexagonal", "elastic tensor": [[122.9179, 89.8854, 82.3852, -0.0053, 0.1194, 0.0], [89.8854, 122.9178, 82.3852, -0.0062, 0.1036, 0.0], [82.3852, 82.3852, 146.5863, -0.0079, 0.1495, 0.0], [-0.0053, -0.0062, -0.0079, 13.5995, 0.0, 0.0079], [0.1194, 0.1036, 0.1495, 0.0, 13.5999, -0.0004], [0.0, 0.0, 0.0, 0.0079, -0.0004, 16.5663]], "space group": "P63mc"}, "AFI": {"crystal system": "hexagonal", "elastic tensor": [[113.1571, 81.5554, 61.8669, 0.0, 0.0, 0.0], [81.5554, 113.1571, 61.8669, 0.0, 0.0, 0.0], [61.8669, 61.8669, 185.8366, 0.0, 0.0, 0.0], [0.0, 0.0, 0.0, 25.9817, 0.0, 0.0], [0.0, 0.0, 0.0, 0.0, 25.9817, 0.0], [0.0, 0.0, 0.0, 0.0, 0.0, 15.8509]], "space group": "P6cc"}, "AFN": {"crystal system": "triclinic", "elastic tensor": [[73.1803, 32.0248, 17.8118, 0.0, 44.636, 0.0], [32.0248, 117.512, 27.0821, 0.0, 9.154, 0.0], [17.8118, 27.0821, 17.6001, 0.0, 9.8327, 0.0], [0.0, 0.0, 0.0, 15.7316, 0.0, 4.1549], [44.636, 9.154, 9.8327, 0.0, 2.9207, 0.0], [0.0, 0.0, 0.0, 4.1549, 0.0, 6.786]], "space group": "P-1"}, "AFO": {"crystal system": "monoclinic", "elastic tensor": [[145.4682, 54.3651, 42.6604, 0.0, 0.0, 0.0], [54.3651, 106.0805, 31.9099, 0.0, 0.0, 0.0], [42.6604, 31.9099, 149.7994, 0.0, 0.0, 0.0], [0.0, 0.0, 0.0, 26.3123, 0.0, 0.0], [0.0, 0.0, 0.0, 0.0, 28.5698, 0.0], [0.0, 0.0, 0.0, 0.0, 0.0, -43.8625]], "space group": "P1121"}, "AFR": {"crystal system": "orthorhombic", "elastic tensor": [[68.2787, 41.7218, 26.8509, 0.0, 0.0, 0.0], [41.7218, 80.0755, 38.5044, 0.0, 0.0, 0.0], [26.8509, 38.5044, 56.5161, 0.0, 0.0, 0.0], [0.0, 0.0, 0.0, 13.8245, 0.0, 0.0], [0.0, 0.0, 0.0, 0.0, 3.9505, 0.0], [0.0, 0.0, 0.0, 0.0, 0.0, 19.3511]], "space group": "Pccn"}, "AFS": {"crystal system": "trigonal", "elastic tensor": [[63.1835, 37.1476, 46.0848, 0.0, 0.0, 0.0], [37.1476, 63.1835, 46.0848, 0.0, 0.0, 0.0], [46.0848, 46.0848, 102.1464, 0.0, 0.0, 0.0], [0.0, 0.0, 0.0, 8.8255, 0.0, 0.0], [0.0, 0.0, 0.0, 0.0, 8.8255, 0.0], [0.0, 0.0, 0.0, 0.0, 0.0, 13.0679]], "space group": "P3c1"}, "AFT": {"crystal system": "trigonal", "elastic tensor": [[107.69, 71.1372, 53.6142, 0.0, 0.0, 0.0], [71.1372, 107.69, 53.6142, 0.0, 0.0, 0.0], [53.6142, 53.6142, 38.206, 0.0, 0.0, 0.0], [0.0, 0.0, 0.0, 21.4411, 0.0, 0.0], [0.0, 0.0, 0.0, 0.0, 21.4411, 0.0], [0.0, 0.0, 0.0, 0.0, 0.0, 18.3264]], "space group": "P-31c"}, "AFX": {"crystal system": "trigonal", "elastic tensor": [[107.7126, 70.574, 53.3607, 0.0, 0.0, 0.0], [70.574, 107.7126, 53.3607, 0.0, 0.0, 0.0], [53.3607, 53.3607, 37.7372, 0.0, 0.0, 0.0], [0.0, 0.0, 0.0, 21.9356, 0.0, 0.0], [0.0, 0.0, 0.0, 0.0, 21.9356, 0.0], [0.0, 0.0, 0.0, 0.0, 0.0, 18.6193]], "space group": "P-31c"}, "AFY": {"crystal system": "trigonal", "elastic tensor": [[55.9253, 33.177, 30.8902, 0.0, 0.5128, 0.0], [33.177, 55.9253, 30.8902, 0.0, -0.5128, 0.0], [30.8902, 30.8902, 93.4269, 0.0, 0.0, 0.0], [0.0, 0.0, 0.0, 7.5249, 0.0, -0.5128], [0.5128, -0.5128, 0.0, 0.0, 7.5249, 0.0], [0.0, 0.0, 0.0, -0.5128, 0.0, 11.4241]], "space group": "P-3"}, "AHT": {"crystal system": "monoclinic", "elastic tensor": [[197.8037, 46.0472, 84.5744, 0.0, 0.0, 0.0], [46.0472, 27.511, 25.4013, 0.0, 0.0, 0.0], [84.5744, 25.4013, 200.6343, 0.0, 0.0, 0.0], [0.0, 0.0, 0.0, 20.2247, 0.0, 0.0], [0.0, 0.0, 0.0, 0.0, 33.0544, 0.0], [0.0, 0.0, 0.0, 0.0, 0.0, 29.8082]], "space group": "P1121"}, "ANA": {"crystal system": "cubic", "elastic tensor": [[130.8237, 71.3263, 71.3263, 0.0, 0.0, 0.0], [71.3263, 130.8237, 71.3263, 0.0, 0.0, 0.0], [71.3263, 71.3263, 130.8237, 0.0, 0.0, 0.0], [0.0, 0.0, 0.0, 23.1396, 0.0, 0.0], [0.0, 0.0, 0.0, 0.0, 23.1396, 0.0], [0.0, 0.0, 0.0, 0.0, 0.0, 23.1396]], "space group": "Ia-3d"}, "APC": {"crystal system": "orthorhombic", "elastic tensor": [[29.3467, 31.5747, 46.7508, 0.0, 0.0, 0.0], [31.5747, 67.8089, 96.5633, 0.0, 0.0, 0.0], [46.7508, 96.5633, 177.8284, 0.0, 0.0, 0.0], [0.0, 0.0, 0.0, 36.9614, 0.0, 0.0], [0.0, 0.0, 0.0, 0.0, 31.627, 0.0], [0.0, 0.0, 0.0, 0.0, 0.0, 16.9552]], "space group": "Pbca"}, "APD": {"crystal system": "orthorhombic", "elastic tensor": [[125.9455, 76.3789, 74.6386, 0.0, 0.0, 0.0], [76.3789, 128.5022, 121.2713, 0.0, 0.0, 0.0], [74.6386, 121.2713, 124.7201, 0.0, 0.0, 0.0], [0.0, 0.0, 0.0, 36.0578, 0.0, 0.0], [0.0, 0.0, 0.0, 0.0, 29.2155, 0.0], [0.0, 0.0, 0.0, 0.0, 0.0, 28.2816]], "space group": "Pca21"}, "AST": {"crystal system": "cubic", "elastic tensor": [[102.9729, 90.8948, 90.8948, 0.0, 0.0, 0.0], [90.8948, 102.9729, 90.8948, 0.0, 0.0, 0.0], [90.8948, 90.8948, 102.9729, 0.0, 0.0, 0.0], [0.0, 0.0, 0.0, 28.6491, 0.0, 0.0], [0.0, 0.0, 0.0, 0.0, 28.6491, 0.0], [0.0, 0.0, 0.0, 0.0, 0.0, 28.6491]], "space group": "F23"}, "ASV": {"crystal system": "tetragonal", "elastic tensor": [[47.9488, -8.6563, 45.2129, 0.0, 0.0, 0.0], [-8.6563, 47.9488, 45.2129, 0.0, 0.0, 0.0], [45.2129, 45.2129, 135.7419, 0.0, 0.0, 0.0], [0.0, 0.0, 0.0, 28.6347, 0.0, 0.0], [0.0, 0.0, 0.0, 0.0, 28.6347, 0.0], [0.0, 0.0, 0.0, 0.0, 0.0, 3.0382]], "space group": "P4/mcc"}, "ATN": {"crystal system": "tetragonal", "elastic tensor": [[100.0776, 87.4781, 57.2993, 0.0, 0.0, 0.0], [87.4781, 100.0776, 57.2993, 0.0, 0.0, 0.0], [57.2993, 57.2993, 142.225, 0.0, 0.0, 0.0], [0.0, 0.0, 0.0, 5.6512, 0.0, 0.0], [0.0, 0.0, 0.0, 0.0, 5.6512, 0.0], [0.0, 0.0, 0.0, 0.0, 0.0, 2.6469]], "space group": "I4/m"}, "ATO": {"crystal system": "trigonal", "elastic tensor": [[103.6404, 62.2863, 61.8158, 9.3019, 0.1238, -0.0038], [62.2863, 103.6516, 61.823, -9.3237, -0.1285, -0.0033], [61.8158, 61.823, 146.3547, -0.0144, -0.0038, -0.0046], [9.3019, -9.3237, -0.0144, 19.3681, -0.0007, -0.1259], [0.1238, -0.1285, -0.0038, -0.0007, 19.3688, 9.3127], [-0.0038, -0.0033, -0.0046, -0.1259, 9.3127, 20.7299]], "space group": "R-3"}, "ATS": {"crystal system": "monoclinic", "elastic tensor": [[94.3528, 52.1025, 39.646, 0.0, 0.0, 0.0], [52.1025, 132.1232, 56.4454, 0.0, 0.0, 0.0], [39.646, 56.4454, 124.521, 0.0, 0.0, 0.0], [0.0, 0.0, 0.0, 8.2331, 0.0, 0.0], [0.0, 0.0, 0.0, 0.0, -7.9318, 0.0], [0.0, 0.0, 0.0, 0.0, 0.0, 10.3644]], "space group": "C12/c1"}, "ATT": {"crystal system": "orthorhombic", "elastic tensor": [[46.5265, 6.8184, -5.972, 0.0, 0.0, 0.0], [6.8184, 183.6201, 138.6967, 0.0, 0.0, 0.0], [-5.972, 138.6967, 136.9599, 0.0, 0.0, 0.0], [0.0, 0.0, 0.0, -12.3888, 0.0, 0.0], [0.0, 0.0, 0.0, 0.0, 23.2751, 0.0], [0.0, 0.0, 0.0, 0.0, 0.0, -8.1919]], "space group": "P21212"}, "ATV": {"crystal system": "orthorhombic", "elastic tensor": [[214.4658, 67.0295, 83.4071, 0.0, 0.0, 0.0], [67.0295, 103.3916, 113.1145, 0.0, 0.0, 0.0], [83.4071, 113.1145, 164.1499, 0.0, 0.0, 0.0], [0.0, 0.0, 0.0, -44.0702, 0.0, 0.0], [0.0, 0.0, 0.0, 0.0, 31.6879, 0.0], [0.0, 0.0, 0.0, 0.0, 0.0, 31.1608]], "space group": "Aemm"}, "AWO": {"crystal system": "monoclinic", "elastic tensor": [[11.8285, -12.8019, -13.871, 0.0, 0.0, 0.0], [-12.8019, 80.2028, 81.2306, 0.0, 0.0, 0.0], [-13.871, 81.2306, 144.06, 0.0, 0.0, 0.0], [0.0, 0.0, 0.0, -5.7311, 0.0, 0.0], [0.0, 0.0, 0.0, 0.0, 17.1266, 0.0], [0.0, 0.0, 0.0, 0.0, 0.0, -82.5278]], "space group": "P121/a1"}, "AWW": {"crystal system": "tetragonal", "elastic tensor": [[91.0015, 74.0919, 61.007, 0.0, 0.0, 0.0], [74.0919, 91.0015, 61.007, 0.0, 0.0, 0.0], [61.007, 61.007, 84.8414, 0.0, 0.0, 0.0], [0.0, 0.0, 0.0, 19.8612, 0.0, 0.0], [0.0, 0.0, 0.0, 0.0, 19.8612, 0.0], [0.0, 0.0, 0.0, 0.0, 0.0, 12.5725]], "space group": "P4/ncc"}, "BCT": {"crystal system": "tetragonal", "elastic tensor": [[129.3287, 118.3885, 107.1477, 0.0, 0.0, 0.0], [118.3885, 129.3287, 107.1477, 0.0, 0.0, 0.0], [107.1477, 107.1477, 213.9079, 0.0, 0.0, 0.0], [0.0, 0.0, 0.0, 38.3966, 0.0, 0.0], [0.0, 0.0, 0.0, 0.0, 38.3966, 0.0], [0.0, 0.0, 0.0, 0.0, 0.0, 33.4989]], "space group": "I4mm"}, "BEA": {"crystal system": "tetragonal", "elastic tensor": [[78.8792, 39.5027, 54.2412, 0.0, 0.0, 0.0], [39.5027, 78.8792, 54.2412, 0.0, 0.0, 0.0], [54.2412, 54.2412, 88.7801, 0.0, 0.0, 0.0], [0.0, 0.0, 0.0, 12.9838, 0.0, 0.0], [0.0, 0.0, 0.0, 0.0, 12.9838, 0.0], [0.0, 0.0, 0.0, 0.0, 0.0, 14.3526]], "space group": "P4122"}, "BEC": {"crystal system": "tetragonal", "elastic tensor": [[61.0855, 38.5799, 56.4242, 0.0, 0.0, 0.0], [38.5799, 61.0855, 56.4242, 0.0, 0.0, 0.0], [56.4242, 56.4242, 114.4879, 0.0, 0.0, 0.0], [0.0, 0.0, 0.0, 23.417, 0.0, 0.0], [0.0, 0.0, 0.0, 0.0, 23.417, 0.0], [0.0, 0.0, 0.0, 0.0, 0.0, 14.9692]], "space group": "I41/amd"}, "BIK": {"crystal system": "triclinic", "elastic tensor": [[203.885, 93.2345, 57.955, 0.0, 0.0, 0.0], [93.2345, 151.7262, 95.7286, 0.0, 0.0, 0.0], [57.955, 95.7286, 178.6247, 0.0, 0.0, 0.0], [0.0, 0.0, 0.0, 47.1126, 0.0, 0.0], [0.0, 0.0, 0.0, 0.0, 23.9748, 0.0], [0.0, 0.0, 0.0, 0.0, 0.0, 50.8204]], "space group": "P1"}, "BOF": {"crystal system": "orthorhombic", "elastic tensor": [[32.8588, -12.7359, -2.5534, 0.0, 0.0, 0.0], [-12.7359, 71.1524, -3.4907, 0.0, 0.0, 0.0], [-2.5534, -3.4907, 8.2558, 0.0, 0.0, 0.0], [0.0, 0.0, 0.0, 19.6362, 0.0, 0.0], [0.0, 0.0, 0.0, 0.0, 15.4815, 0.0], [0.0, 0.0, 0.0, 0.0, 0.0, 14.8675]], "space group": "Pnma"}, "BOG": {"crystal system": "orthorhombic", "elastic tensor": [[121.0708, 35.8524, 56.8626, 0.0, 0.0, 0.0], [35.8524, 57.7003, 46.4248, 0.0, 0.0, 0.0], [56.8626, 46.4248, 90.6565, 0.0, 0.0, 0.0], [0.0, 0.0, 0.0, 20.8657, 0.0, 0.0], [0.0, 0.0, 0.0, 0.0, 11.5172, 0.0], [0.0, 0.0, 0.0, 0.0, 0.0, 12.9088]], "space group": "Imma"}, "BPH": {"crystal system": "trigonal", "elastic tensor": [[63.6345, 36.8261, 46.2414, 0.0, 0.0, 0.0], [36.8261, 63.6345, 46.2414, 0.0, 0.0, 0.0], [46.2414, 46.2414, 102.1728, 0.0, 0.0, 0.0], [0.0, 0.0, 0.0, 8.8413, 0.0, 0.0], [0.0, 0.0, 0.0, 0.0, 8.8413, 0.0], [0.0, 0.0, 0.0, 0.0, 0.0, 13.4542]], "space group": "P321"}, "BRE": {"crystal system": "monoclinic", "elastic tensor": [[86.7339, 20.0134, 23.3793, 0.0, 16.7406, 0.0], [20.0134, 62.8563, 32.1035, 0.0, 8.1022, 0.0], [23.3793, 32.1035, 108.5214, 0.0, 12.4515, 0.0], [0.0, 0.0, 0.0, 1.6357, 0.0, 1.8544], [16.7406, 8.1022, 12.4515, 0.0, 16.4376, 0.0], [0.0, 0.0, 0.0, 1.8544, 0.0, 8.2944]], "space group": "P121/m1"}, "BSV": {"crystal system": "cubic", "elastic tensor": [[81.3262, 45.5101, 45.5101, 0.0, 0.0, 0.0], [45.5101, 81.3262, 45.5101, 0.0, 0.0, 0.0], [45.5101, 45.5101, 81.3262, 0.0, 0.0, 0.0], [0.0, 0.0, 0.0, 21.8172, 0.0, 0.0], [0.0, 0.0, 0.0, 0.0, 21.8172, 0.0], [0.0, 0.0, 0.0, 0.0, 0.0, 21.8172]], "space group": "Ia-3d"}, "CAN": {"crystal system": "hexagonal", "elastic tensor": [[123.7676, 91.1045, 79.414, 0.0, 0.0, 0.0], [91.1045, 123.7676, 79.414, 0.0, 0.0, 0.0], [79.414, 79.414, 160.6861, 0.0, 0.0, 0.0], [0.0, 0.0, 0.0, 8.7766, 0.0, 0.0], [0.0, 0.0, 0.0, 0.0, 8.7766, 0.0], [0.0, 0.0, 0.0, 0.0, 0.0, 16.3815]], "space group": "P63"}, "CAS": {"crystal system": "orthorhombic", "elastic tensor": [[175.1592, 82.976, 84.4389, 0.0, 0.0, 0.0], [82.976, 201.4096, 78.1388, 0.0, 0.0, 0.0], [84.4389, 78.1388, 150.6145, 0.0, 0.0, 0.0], [0.0, 0.0, 0.0, 27.7211, 0.0, 0.0], [0.0, 0.0, 0.0, 0.0, -117.4202, 0.0], [0.0, 0.0, 0.0, 0.0, 0.0, 20.6351]], "space group": "Ama2"}, "CDO": {"crystal system": "orthorhombic", "elastic tensor": [[170.1247, 59.719, 48.6696, 0.0, 0.0, 0.0], [59.719, 119.9361, 60.1092, 0.0, 0.0, 0.0], [48.6696, 60.1092, 161.3253, 0.0, 0.0, 0.0], [0.0, 0.0, 0.0, 15.9896, 0.0, 0.0], [0.0, 0.0, 0.0, 0.0, 23.7549, 0.0], [0.0, 0.0, 0.0, 0.0, 0.0, 22.6052]], "space group": "Pnma"}, "CFI": {"crystal system": "orthorhombic", "elastic tensor": [[128.6896, 56.0852, 56.2883, 0.0, 0.0, 0.0], [56.0852, 154.5046, 73.1281, 0.0, 0.0, 0.0], [56.2883, 73.1281, 115.8031, 0.0, 0.0, 0.0], [0.0, 0.0, 0.0, 12.4184, 0.0, 0.0], [0.0, 0.0, 0.0, 0.0, 28.8532, 0.0], [0.0, 0.0, 0.0, 0.0, 0.0, 15.233]], "space group": "Pmn21"}, "CGF": {"crystal system": "monoclinic", "elastic tensor": [[59.8276, -1.8581, 16.0422, 0.0, 16.375, 0.0], [-1.8581, 63.0672, 20.0986, 0.0, -15.0219, 0.0], [16.0422, 20.0986, 83.746, 0.0, 8.9067, 0.0], [0.0, 0.0, 0.0, -10.7471, 0.0, 1.7808], [16.375, -15.0219, 8.9067, 0.0, 29.2323, 0.0], [0.0, 0.0, 0.0, 1.7808, 0.0, -2.0898]], "space group": "I12/a1"}, "CGS": {"crystal system": "monoclinic", "elastic tensor": [[47.59, -2.0308, 3.3653, 0.0, 0.0, 0.0], [-2.0308, 18.57, 2.3272, 0.0, 0.0, 0.0], [3.3653, 2.3272, 37.3275, 0.0, 0.0, 0.0], [0.0, 0.0, 0.0, 10.0039, 0.0, 0.0], [0.0, 0.0, 0.0, 0.0, 8.8952, 0.0], [0.0, 0.0, 0.0, 0.0, 0.0, 9.5218]], "space group": "P121/c1"}, "CHA": {"crystal system": "rhombohedral", "elastic tensor": [[103.9621, 68.8767, 59.8621, 2.9612, 0.0, 0.0], [68.8767, 103.962, 59.8621, -2.9612, 0.0, 0.0], [59.8621, 59.8621, 49.6389, 0.0, 0.0, 0.0], [2.9612, -2.9612, 0.0, 20.7556, 0.0, 0.0], [0.0, 0.0, 0.0, 0.0, 20.7556, 2.9612], [0.0, 0.0, 0.0, 0.0, 2.9612, 17.5927]], "space group": "R-3m"}, "CON": {"crystal system": "monoclinic", "elastic tensor": [[35.986, 38.711, 39.1812, 0.0, 1.5071, 0.0], [38.711, 97.2175, 54.0506, 0.0, -3.1091, 0.0], [39.1812, 54.0506, 96.4951, 0.0, -4.2015, 0.0], [0.0, 0.0, 0.0, 18.3584, 0.0, 1.4895], [1.5071, -3.1091, -4.2015, 0.0, 20.5123, 0.0], [0.0, 0.0, 0.0, 1.4895, 0.0, 16.9519]], "space group": "C12/m1"}, "CZP": {"crystal system": "hexagonal", "elastic tensor": [[67.1061, 40.7463, 32.042, 0.0, 0.0, 0.0], [40.7463, 67.1061, 32.042, 0.0, 0.0, 0.0], [32.042, 32.042, 138.7131, 0.0, 0.0, 0.0], [0.0, 0.0, 0.0, 29.9958, 0.0, 0.0], [0.0, 0.0, 0.0, 0.0, 29.9958, 0.0], [0.0, 0.0, 0.0, 0.0, 0.0, 13.2299]], "space group": "P6122"}, "Cri": {"crystal system": "monoclinic", "elastic tensor": [[52.6661, 8.7109, 0.6078, 0.0, 0.0, 0.0], [8.7109, 52.6661, 0.6078, 0.0, 0.0, 0.0], [0.6078, 0.6078, 38.0847, 0.0, 0.0, 0.0], [0.0, 0.0, 0.0, 58.3749, 0.0, 0.0], [0.0, 0.0, 0.0, 0.0, 58.3749, 0.0], [0.0, 0.0, 0.0, 0.0, 0.0, 18.4457]], "space group": "C12/m1"}, "DAC": {"crystal system": "monoclinic", "elastic tensor": [[143.599, 84.3504, 65.2692, 0.0, 3.4777, 0.0], [84.3504, 187.0237, 43.6507, 0.0, 8.4307, 0.0], [65.2692, 43.6507, 100.1208, 0.0, -8.0741, 0.0], [0.0, 0.0, 0.0, 19.8871, 0.0, -2.7955], [3.4777, 8.4307, -8.0741, 0.0, 22.3195, 0.0], [0.0, 0.0, 0.0, -2.7955, 0.0, 25.9214]], "space group": "C12/m1"}, "DFO": {"crystal system": "hexagonal", "elastic tensor": [[83.3032, 47.3593, 34.259, -0.0001, 0.0002, -0.0001], [47.3593, 83.3039, 34.2603, -0.0001, 0.0001, 0.0022], [34.259, 34.2603, 60.1626, -0.0001, 0.0001, 0.0019], [-0.0001, -0.0001, -0.0001, 13.3895, -0.0016, 0.0], [0.0002, 0.0001, 0.0001, -0.0016, 13.392, 0.0], [-0.0001, 0.0022, 0.0019, 0.0, 0.0, 18.0232]], "space group": "P6/mmm"}, "DFT": {"crystal system": "monoclinic", "elastic tensor": [[163.4081, 91.5484, 53.4328, 0.0, 0.0, 0.0], [91.5484, 163.4081, 53.4328, 0.0, 0.0, 0.0], [53.4328, 53.4328, 55.1914, 0.0, 0.0, 0.0], [0.0, 0.0, 0.0, -651.5865, 0.0, 0.0], [0.0, 0.0, 0.0, 0.0, -651.5865, 0.0], [0.0, 0.0, 0.0, 0.0, 0.0, 2.7432]], "space group": "I112/b"}, "DOH": {"crystal system": "hexagonal", "elastic tensor": [[153.7604, 87.559, 94.8659, 0.0, 0.0, 0.0012], [87.559, 153.7627, 94.8667, 0.0, 0.0, 0.0007], [94.8659, 94.8667, 157.6031, 0.0, 0.0, 0.0007], [0.0, 0.0, 0.0, 30.6241, 0.0002, 0.0], [0.0, 0.0, 0.0, 0.0002, 30.6239, 0.0], [0.0012, 0.0007, 0.0007, 0.0, 0.0, 33.151]], "space group": "P6/mmm"}, "DON": {"crystal system": "monoclinic", "elastic tensor": [[120.4765, 61.1741, 69.472, 0.0, 0.0, 0.0], [61.1741, 81.6846, 49.2234, 0.0, 0.0, 0.0], [69.472, 49.2234, 116.2755, 0.0, 0.0, 0.0], [0.0, 0.0, 0.0, 21.8844, 0.0, 0.0], [0.0, 0.0, 0.0, 0.0, 25.8151, 0.0], [0.0, 0.0, 0.0, 0.0, 0.0, 11.385]], "space group": "P1c1"}, "EAB": {"crystal system": "hexagonal", "elastic tensor": [[91.5631, 60.4071, 70.2485, 0.0, 0.0, 0.0], [60.4071, 91.5631, 70.2485, 0.0, 0.0, 0.0], [70.2485, 70.2485, 90.4111, 0.0, 0.0, 0.0], [0.0, 0.0, 0.0, 21.0955, 0.0, 0.0], [0.0, 0.0, 0.0, 0.0, 21.0955, 0.0], [0.0, 0.0, 0.0, 0.0, 0.0, 15.628]], "space group": "P63/mmc"}, "EDI": {"crystal system": "orthorhombic", "elastic tensor": [[156.497, 50.683, 58.8636, 0.0, 0.0, 0.0], [50.683, 156.497, 58.8636, 0.0, 0.0, 0.0], [58.8636, 58.8636, 120.0776, 0.0, 0.0, 0.0], [0.0, 0.0, 0.0, 3.3734, 0.0, 0.0], [0.0, 0.0, 0.0, 0.0, 3.3734, 0.0], [0.0, 0.0, 0.0, 0.0, 0.0, 7.0111]], "space group": "P21212"}, "EMT": {"crystal system": "hexagonal", "elastic tensor": [[75.4821, 45.4092, 47.037, 0.0, 0.0, 0.0], [45.4092, 75.4821, 47.037, 0.0, 0.0, 0.0], [47.037, 47.037, 70.6903, 0.0, 0.0, 0.0], [0.0, 0.0, 0.0, 13.5462, 0.0, 0.0], [0.0, 0.0, 0.0, 0.0, 13.5462, 0.0], [0.0, 0.0, 0.0, 0.0, 0.0, 15.0865]], "space group": "P63/mmc"}, "EON": {"crystal system": "orthorhombic", "elastic tensor": [[127.8407, 59.414, 42.713, 0.0, 0.0, 0.0], [59.414, 108.9203, 67.3666, 0.0, 0.0, 0.0], [42.713, 67.3666, 77.7682, 0.0, 0.0, 0.0], [0.0, 0.0, 0.0, 11.4167, 0.0, 0.0], [0.0, 0.0, 0.0, 0.0, 14.2019, 0.0], [0.0, 0.0, 0.0, 0.0, 0.0, 18.9973]], "space group": "Pmmn"}, "EPI": {"crystal system": "monoclinic", "elastic tensor": [[130.2366, 63.2015, 61.2735, 0.0, 19.9354, 0.0], [63.2015, 117.4595, 61.229, 0.0, 3.9786, 0.0], [61.2735, 61.229, 105.5227, 0.0, 0.8087, 0.0], [0.0, 0.0, 0.0, 18.2366, 0.0, 1.3431], [19.9354, 3.9786, 0.8087, 0.0, 45.2676, 0.0], [0.0, 0.0, 0.0, 1.3431, 0.0, 25.8398]], "space group": "C2/m"}, "ERI": {"crystal system": "hexagonal", "elastic tensor": [[107.577, 70.7868, 62.9589, 0.0, 0.0, 0.0], [70.7868, 107.577, 62.9589, 0.0, 0.0, 0.0], [62.9589, 62.9589, 65.0066, 0.0, 0.0, 0.0], [0.0, 0.0, 0.0, 15.1592, 0.0, 0.0], [0.0, 0.0, 0.0, 0.0, 15.1592, 0.0], [0.0, 0.0, 0.0, 0.0, 0.0, 18.4451]], "space group": "P63/mmc"}, "ESV": {"crystal system": "orthorhombic", "elastic tensor": [[83.8518, 41.7402, 30.4878, 0.0, 0.0, 0.0], [41.7402, 73.7927, 28.4589, 0.0, 0.0, 0.0], [30.4878, 28.4589, 60.5215, 0.0, 0.0, 0.0], [0.0, 0.0, 0.0, 17.5689, 0.0, 0.0], [0.0, 0.0, 0.0, 0.0, 20.1774, 0.0], [0.0, 0.0, 0.0, 0.0, 0.0, 17.1358]], "space group": "Pnma"}, "ETR": {"crystal system": "hexagonal", "elastic tensor": [[36.287, 17.4998, 17.0713, 0.0, 0.0, 0.0], [17.4998, 36.287, 17.0713, 0.0, 0.0, 0.0], [17.0713, 17.0713, 63.2525, 0.0, 0.0, 0.0], [0.0, 0.0, 0.0, 9.1386, 0.0, 0.0], [0.0, 0.0, 0.0, 0.0, 9.1386, 0.0], [0.0, 0.0, 0.0, 0.0, 0.0, 9.4436]], "space group": "P63mc"}, "EUO": {"crystal system": "orthorhombic", "elastic tensor": [[143.9086, 60.3726, 49.1708, 0.0, 0.0, 0.0], [60.3726, 110.2658, 65.2943, 0.0, 0.0, 0.0], [49.1708, 65.2943, 110.5135, 0.0, 0.0, 0.0], [0.0, 0.0, 0.0, 22.1326, 0.0, 0.0], [0.0, 0.0, 0.0, 0.0, 18.4947, 0.0], [0.0, 0.0, 0.0, 0.0, 0.0, 21.9185]], "space group": "Cmme"}, "FAR": {"crystal system": "hexagonal", "elastic tensor": [[122.1183, 88.1886, 86.7388, 0.0, 0.0, 0.0], [88.1886, 122.1183, 86.7388, 0.0, 0.0, 0.0], [86.7388, 86.7388, 133.6198, 0.0, 0.0, 0.0], [0.0, 0.0, 0.0, 18.8456, 0.0, 0.0], [0.0, 0.0, 0.0, 0.0, 18.8456, 0.0], [0.0, 0.0, 0.0, 0.0, 0.0, 17.0149]], "space group": "P63/m"}, "FAU": {"crystal system": "cubic", "elastic tensor": [[73.2503, 46.9713, 46.9713, 0.0, 0.0, 0.0], [46.9713, 73.2503, 46.9713, 0.0, 0.0, 0.0], [46.9713, 46.9713, 73.2503, 0.0, 0.0, 0.0], [0.0, 0.0, 0.0, 13.6881, 0.0, 0.0], [0.0, 0.0, 0.0, 0.0, 13.6881, 0.0], [0.0, 0.0, 0.0, 0.0, 0.0, 13.6881]], "space group": "Fd-3m"}, "FER": {"crystal system": "orthorhombic", "elastic tensor": [[131.2372, 67.0505, 71.547, 0.0, 0.0, 0.0], [67.0505, 148.0639, 52.8646, 0.0, 0.0, 0.0], [71.547, 52.8646, 177.285, 0.0, 0.0, 0.0], [0.0, 0.0, 0.0, 24.0467, 0.0, 0.0], [0.0, 0.0, 0.0, 0.0, 19.3771, 0.0], [0.0, 0.0, 0.0, 0.0, 0.0, 7.9167]], "space group": "Immm"}, "FRA": {"crystal system": "trigonal", "elastic tensor": [[122.5889, 87.5685, 89.8303, -3.5371, 0.0103, 0.0258], [87.5685, 122.6447, 89.8501, 3.5214, 0.0156, 0.0269], [89.8303, 89.8501, 130.3233, -0.0089, 0.0146, 0.0193], [-3.5371, 3.5214, -0.0089, 21.7488, 0.0022, 0.0018], [0.0103, 0.0156, 0.0146, 0.0022, 21.7462, -3.5292], [0.0258, 0.0269, 0.0193, 0.0018, -3.5292, 17.5748]], "space group": "P321"}, "GIS": {"crystal system": "monoclinic", "elastic tensor": [[36.8718, 35.3619, 71.7034, 0.0, 0.0, 0.0], [35.3619, 36.8718, 71.7034, 0.0, 0.0, 0.0], [71.7034, 71.7034, 178.0346, 0.0, 0.0, 0.0], [0.0, 0.0, 0.0, 33.2927, 0.0, 0.0], [0.0, 0.0, 0.0, 0.0, 33.2927, 0.0], [0.0, 0.0, 0.0, 0.0, 0.0, 15.3494]], "space group": "P1121/a"}, "GIU": {"crystal system": "trigonal", "elastic tensor": [[121.5812, 88.4032, 84.022, 0.0, -0.0003, 0.0], [88.4032, 121.5812, 84.022, 0.0, 0.0003, 0.0], [84.022, 84.022, 140.5205, 0.0, 0.0, 0.0], [0.0, 0.0, 0.0, 15.1871, 0.0, 0.0003], [-0.0003, 0.0003, 0.0, 0.0, 15.1871, 0.0], [0.0, 0.0, 0.0, 0.0003, 0.0, 16.639]], "space group": "P31c"}, "GME": {"crystal system": "hexagonal", "elastic tensor": [[127.1524, 83.8395, 3.1987, 0.0, 0.0, 0.0], [83.8395, 127.1524, 3.1987, 0.0, 0.0, 0.0], [3.1987, 3.1987, 22.3463, 0.0, 0.0, 0.0], [0.0, 0.0, 0.0, 16.0157, 0.0, 0.0], [0.0, 0.0, 0.0, 0.0, 16.0157, 0.0], [0.0, 0.0, 0.0, 0.0, 0.0, 21.7065]], "space group": "P63/mmc"}, "GON": {"crystal system": "orthorhombic", "elastic tensor": [[42.8742, -2.5866, -27.1273, 0.0, 0.0, 0.0], [-2.5866, 34.3487, -59.7344, 0.0, 0.0, 0.0], [-27.1273, -59.7344, 12.5459, 0.0, 0.0, 0.0], [0.0, 0.0, 0.0, 0.0269, 0.0, 0.0], [0.0, 0.0, 0.0, 0.0, 54.4911, 0.0], [0.0, 0.0, 0.0, 0.0, 0.0, 15.5825]], "space group": "C222"}, "GOO": {"crystal system": "monoclinic", "elastic tensor": [[17.1311, 12.2068, 3.4159, 0.0, 0.0, 0.0], [12.2068, 58.4935, 34.1382, 0.0, 0.0, 0.0], [3.4159, 34.1382, 69.564, 0.0, 0.0, 0.0], [0.0, 0.0, 0.0, 24.5825, 0.0, 0.0], [0.0, 0.0, 0.0, 0.0, 9.7297, 0.0], [0.0, 0.0, 0.0, 0.0, 0.0, 18.7012]], "space group": "P1211"}, "HEU": {"crystal system": "monoclinic", "elastic tensor": [[79.4031, 10.273, 15.6153, 0.0, -10.5532, 0.0], [10.273, 50.2588, 12.8044, 0.0, -16.309, 0.0], [15.6153, 12.8044, 83.3841, 0.0, -16.1834, 0.0], [0.0, 0.0, 0.0, 3.8817, 0.0, 1.9564], [-10.5532, -16.309, -16.1834, 0.0, 27.0966, 0.0], [0.0, 0.0, 0.0, 1.9564, 0.0, 4.2652]], "space group": "Cm"}, "IFR": {"crystal system": "monoclinic", "elastic tensor": [[57.3474, 44.8206, 8.1149, 0.0, 5.188, 0.0], [44.8206, 97.4147, 37.9608, 0.0, 9.5681, 0.0], [8.1149, 37.9608, 79.5377, 0.0, 12.3228, 0.0], [0.0, 0.0, 0.0, 16.52, 0.0, -1.1182], [5.188, 9.5681, 12.3228, 0.0, 10.4323, 0.0], [0.0, 0.0, 0.0, -1.1182, 0.0, 2.9317]], "space group": "I12/m1"}, "IHW": {"crystal system": "orthorhombic", "elastic tensor": [[98.8642, 21.8781, 13.2712, 0.0, 0.0, 0.0], [21.8781, 82.153, 42.0245, 0.0, 0.0, 0.0], [13.2712, 42.0245, 72.4211, 0.0, 0.0, 0.0], [0.0, 0.0, 0.0, 23.3002, 0.0, 0.0], [0.0, 0.0, 0.0, 0.0, 22.6373, 0.0], [0.0, 0.0, 0.0, 0.0, 0.0, 19.298]], "space group": "Cmce"}, "IMF": {"crystal system": "orthorhombic", "elastic tensor": [[98.8368, 45.4286, 34.7104, 0.0, 0.0, 0.0], [45.4286, 99.3614, 47.6236, 0.0, 0.0, 0.0], [34.7104, 47.6236, 86.0294, 0.0, 0.0, 0.0], [0.0, 0.0, 0.0, 6.2175, 0.0, 0.0], [0.0, 0.0, 0.0, 0.0, 14.4857, 0.0], [0.0, 0.0, 0.0, 0.0, 0.0, 13.614]], "space group": "Cmcm"}, "IRR": {"crystal system": "hexagonal", "elastic tensor": [[42.2727, 21.2848, 26.7368, 0.0, 0.0, 0.0013], [21.2848, 42.2772, 26.7395, 0.0, 0.0, 0.0006], [26.7368, 26.7395, 59.3397, 0.0, 0.0, 0.0026], [0.0, 0.0, 0.0, 8.2772, -0.0003, 0.0], [0.0, 0.0, 0.0, -0.0003, 8.2772, 0.0], [0.0013, 0.0006, 0.0026, 0.0, 0.0, 10.5439]], "space group": "P6/mmm"}, "ISV": {"crystal system": "tetragonal", "elastic tensor": [[97.7259, 62.888, 47.2261, 0.0, 0.0, 0.0], [62.888, 97.7259, 47.2261, 0.0, 0.0, 0.0], [47.2261, 47.2261, 56.8682, 0.0, 0.0, 0.0], [0.0, 0.0, 0.0, 17.9477, 0.0, 0.0], [0.0, 0.0, 0.0, 0.0, 17.9477, 0.0], [0.0, 0.0, 0.0, 0.0, 0.0, 24.0802]], "space group": "P42/mmc"}, "ITE": {"crystal system": "orthorhombic", "elastic tensor": [[67.6767, 41.3081, 51.2247, 0.0, 0.0, 0.0], [41.3081, 105.6174, 46.9615, 0.0, 0.0, 0.0], [51.2247, 46.9615, 105.3374, 0.0, 0.0, 0.0], [0.0, 0.0, 0.0, 16.7552, 0.0, 0.0], [0.0, 0.0, 0.0, 0.0, 7.77, 0.0], [0.0, 0.0, 0.0, 0.0, 0.0, 11.562]], "space group": "Cmcm"}, "ITH": {"crystal system": "orthorhombic", "elastic tensor": [[60.4337, 50.4062, 37.4441, 0.0, 0.0, 0.0], [50.4062, 103.0571, 61.7628, 0.0, 0.0, 0.0], [37.4441, 61.7628, 69.8767, 0.0, 0.0, 0.0], [0.0, 0.0, 0.0, 23.1121, 0.0, 0.0], [0.0, 0.0, 0.0, 0.0, 16.757, 0.0], [0.0, 0.0, 0.0, 0.0, 0.0, 24.4483]], "space group": "Amm2"}, "ITR": {"crystal system": "orthorhombic", "elastic tensor": [[98.4452, 56.0949, 44.3367, 0.0, 0.0, 0.0], [56.0949, 65.2108, 31.7233, 0.0, 0.0, 0.0], [44.3367, 31.7233, 54.0173, 0.0, 0.0, 0.0], [0.0, 0.0, 0.0, 16.448, 0.0, 0.0], [0.0, 0.0, 0.0, 0.0, 24.5559, 0.0], [0.0, 0.0, 0.0, 0.0, 0.0, 23.2479]], "space group": "Cmcm"}, "ITW": {"crystal system": "monoclinic", "elastic tensor": [[71.4598, 55.0929, 50.308, 0.0, 10.214, 0.0], [55.0929, 128.6254, 84.5216, 0.0, 14.7396, 0.0], [50.308, 84.5216, 75.3464, 0.0, 12.5187, 0.0], [0.0, 0.0, 0.0, -9.1482, 0.0, -14.1027], [10.214, 14.7396, 12.5187, 0.0, 27.539, 0.0], [0.0, 0.0, 0.0, -14.1027, 0.0, 23.0151]], "space group": "C1m1"}, "IWR": {"crystal system": "orthorhombic", "elastic tensor": [[63.9006, 51.125, 43.6843, 0.0, 0.0, 0.0], [51.125, 103.447, 46.0372, 0.0, 0.0, 0.0], [43.6843, 46.0372, 61.9635, 0.0, 0.0, 0.0], [0.0, 0.0, 0.0, 19.9014, 0.0, 0.0], [0.0, 0.0, 0.0, 0.0, 28.9868, 0.0], [0.0, 0.0, 0.0, 0.0, 0.0, 19.7404]], "space group": "Cmmm"}, "IWS": {"crystal system": "tetragonal", "elastic tensor": [[58.5035, 47.0701, 42.0749, 0.0, 0.0, 0.0], [47.0701, 58.5035, 42.0749, 0.0, 0.0, 0.0], [42.0749, 42.0749, 78.4274, 0.0, 0.0, 0.0], [0.0, 0.0, 0.0, 17.6589, 0.0, 0.0], [0.0, 0.0, 0.0, 0.0, 17.6589, 0.0], [0.0, 0.0, 0.0, 0.0, 0.0, 16.1484]], "space group": "I4/mmm"}, "IWW": {"crystal system": "orthorhombic", "elastic tensor": [[87.9311, 59.0264, 43.1294, 0.0, 0.0, 0.0], [59.0264, 98.1566, 48.308, 0.0, 0.0, 0.0], [43.1294, 48.308, 62.8921, 0.0, 0.0, 0.0], [0.0, 0.0, 0.0, 21.8307, 0.0, 0.0], [0.0, 0.0, 0.0, 0.0, 15.4653, 0.0], [0.0, 0.0, 0.0, 0.0, 0.0, 19.794]], "space group": "Pbam"}, "JBW": {"crystal system": "orthorhombic", "elastic tensor": [[186.0088, 59.5657, 103.6742, 0.0, 0.0, 0.0], [59.5657, 76.3605, 82.7685, 0.0, 0.0, 0.0], [103.6742, 82.7685, 158.6194, 0.0, 0.0, 0.0], [0.0, 0.0, 0.0, -20.6364, 0.0, 0.0], [0.0, 0.0, 0.0, 0.0, 35.0267, 0.0], [0.0, 0.0, 0.0, 0.0, 0.0, 1.7923]], "space group": "Pna21"}, "JRY": {"crystal system": "orthorhombic", "elastic tensor": [[113.5973, 49.2661, 64.2688, 0.0, 0.0, 0.0], [49.2661, 134.3273, 77.9048, 0.0, 0.0, 0.0], [64.2688, 77.9048, 114.2257, 0.0, 0.0, 0.0], [0.0, 0.0, 0.0, -2.7989, 0.0, 0.0], [0.0, 0.0, 0.0, 0.0, 10.5742, 0.0], [0.0, 0.0, 0.0, 0.0, 0.0, 27.4958]], "space group": "P212121"}, "KFI": {"crystal system": "cubic", "elastic tensor": [[95.9255, 63.2951, 63.2951, 0.0, 0.0, 0.0], [63.2951, 95.9255, 63.2951, 0.0, 0.0, 0.0], [63.2951, 63.2951, 95.9255, 0.0, 0.0, 0.0], [0.0, 0.0, 0.0, 10.4428, 0.0, 0.0], [0.0, 0.0, 0.0, 0.0, 10.4428, 0.0], [0.0, 0.0, 0.0, 0.0, 0.0, 10.4428]], "space group": "Im-3m"}, "LAU": {"crystal system": "monoclinic", "elastic tensor": [[102.0673, 1.7976, 24.5171, 0.0, 1.7637, 0.0], [1.7976, 181.8102, 5.0005, 0.0, -7.296, 0.0], [24.5171, 5.0005, 111.7843, 0.0, -9.0818, 0.0], [0.0, 0.0, 0.0, 29.702, 0.0, 3.1757], [1.7637, -7.296, -9.0818, 0.0, 29.7975, 0.0], [0.0, 0.0, 0.0, 3.1757, 0.0, 6.6631]], "space group": "Am"}, "LEV": {"crystal system": "trigonal", "elastic tensor": [[91.3738, 62.0054, 73.6227, 1.4757, 0.0, 0.0], [62.0054, 91.3738, 73.6227, -1.4757, 0.0, 0.0], [73.6227, 73.6227, 102.5902, 0.0, 0.0, 0.0], [1.4757, -1.4757, 0.0, 20.1875, 0.0, 0.0], [0.0, 0.0, 0.0, 0.0, 20.1875, 1.4757], [0.0, 0.0, 0.0, 0.0, 1.4757, 14.7342]], "space group": "R-3m"}, "LIO": {"crystal system": "hexagonal", "elastic tensor": [[121.756, 88.861, 83.9483, 0.0008, -0.0025, 0.0144], [88.861, 121.7773, 83.9568, 0.001, -0.0017, 0.0132], [83.9483, 83.9568, 147.8541, 0.0011, -0.0025, 0.0114], [0.0008, 0.001, 0.0011, 13.8606, 0.0017, -0.0001], [-0.0025, -0.0017, -0.0025, 0.0017, 13.86, 0.0001], [0.0144, 0.0132, 0.0114, -0.0001, 0.0001, 16.5026]], "space group": "P-6"}, "LOS": {"crystal system": "hexagonal", "elastic tensor": [[119.6907, 86.9233, 86.2667, 0.0, 0.0, 0.0], [86.9233, 119.6907, 86.2667, 0.0, 0.0, 0.0], [86.2667, 86.2667, 147.9364, 0.0, 0.0, 0.0], [0.0, 0.0, 0.0, 15.2427, 0.0, 0.0], [0.0, 0.0, 0.0, 0.0, 15.2427, 0.0], [0.0, 0.0, 0.0, 0.0, 0.0, 16.4337]], "space group": "P63mc"}, "LOV": {"crystal system": "orthorhombic", "elastic tensor": [[139.1045, 76.7839, 48.0684, 0.0, 0.0, 0.0], [76.7839, 139.1045, 48.0684, 0.0, 0.0, 0.0], [48.0684, 48.0684, 77.3952, 0.0, 0.0, 0.0], [0.0, 0.0, 0.0, -33.2639, 0.0, 0.0], [0.0, 0.0, 0.0, 0.0, -33.2639, 0.0], [0.0, 0.0, 0.0, 0.0, 0.0, 5.1421]], "space group": "Pma2"}, "LTA": {"crystal system": "cubic", "elastic tensor": [[98.1569, 64.1354, 64.1354, 0.0, 0.0, 0.0], [64.1354, 98.1569, 64.1354, 0.0, 0.0, 0.0], [64.1354, 64.1354, 98.1569, 0.0, 0.0, 0.0], [0.0, 0.0, 0.0, 18.9548, 0.0, 0.0], [0.0, 0.0, 0.0, 0.0, 18.9548, 0.0], [0.0, 0.0, 0.0, 0.0, 0.0, 18.9548]], "space group": "Fm-3c"}, "LTF": {"crystal system": "hexagonal", "elastic tensor": [[69.7369, 50.347, 39.3178, 0.0, -0.0013, 0.0], [50.347, 69.7369, 39.3178, 0.0001, -0.0008, 0.0], [39.3178, 39.3178, 79.2833, 0.0001, -0.001, 0.0], [0.0, 0.0001, 0.0001, 12.4634, 0.0, -0.0003], [-0.0013, -0.0008, -0.001, 0.0, 12.4634, 0.0], [0.0, 0.0, 0.0, -0.0003, 0.0, 9.745]], "space group": "P63/mmc"}, "LTL": {"crystal system": "hexagonal", "elastic tensor": [[65.1909, 57.9733, 32.1125, 0.0, 0.0, 0.0], [57.9733, 65.1909, 32.1125, 0.0, 0.0, 0.0], [32.1125, 32.1125, 40.8406, 0.0, 0.0, 0.0], [0.0, 0.0, 0.0, 10.1985, 0.0, 0.0], [0.0, 0.0, 0.0, 0.0, 10.1985, 0.0], [0.0, 0.0, 0.0, 0.0, 0.0, 3.6588]], "space group": "P6/mmm"}, "LTN": {"crystal system": "cubic", "elastic tensor": [[99.9486, 62.8134, 62.8144, 0.0, 0.0, 0.0], [62.8134, 99.9405, 62.8108, 0.0, 0.0, 0.0], [62.8144, 62.8108, 99.9422, 0.0, 0.0, 0.0], [0.0, 0.0, 0.0, 17.9455, 0.0, 0.0], [0.0, 0.0, 0.0, 0.0, 17.9461, 0.0], [0.0, 0.0, 0.0, 0.0, 0.0, 17.9458]], "space group": "Fd-3"}, "MAR": {"crystal system": "trigonal", "elastic tensor": [[122.5358, 88.8115, 86.1566, -0.0001, 0.0001, 0.0008], [88.8115, 122.5379, 86.1574, -0.0001, 0.0001, 0.0008], [86.1566, 86.1574, 135.7154, -0.0001, 0.0001, 0.0007], [-0.0001, -0.0001, -0.0001, 17.9573, 0.0001, 0.0], [0.0001, 0.0001, 0.0001, 0.0001, 17.9572, 0.0], [0.0008, 0.0008, 0.0007, 0.0, 0.0, 16.9127]], "space group": "P31c"}, "MAZ": {"crystal system": "hexagonal", "elastic tensor": [[90.8549, 77.6095, 51.1894, -0.0034, -0.0009, 0.0], [77.6095, 90.8549, 51.1894, -0.0037, -0.0008, 0.0], [51.1894, 51.1894, 100.197, -0.004, -0.001, 0.0], [-0.0034, -0.0037, -0.004, 11.4863, 0.0, 0.0], [-0.0009, -0.0008, -0.001, 0.0, 11.4863, -0.0001], [0.0, 0.0, 0.0, 0.0, -0.0001, 6.6727]], "space group": "P63/mmc"}, "MEI": {"crystal system": "hexagonal", "elastic tensor": [[70.7936, 40.4705, 39.6358, 0.0, 0.0, 0.0], [40.4705, 70.7936, 39.6358, 0.0, 0.0, 0.0], [39.6358, 39.6358, 113.1642, 0.0, 0.0, 0.0], [0.0, 0.0, 0.0, 6.4946, 0.0, 0.0], [0.0, 0.0, 0.0, 0.0, 6.4946, 0.0], [0.0, 0.0, 0.0, 0.0, 0.0, 15.2115]], "space group": "P63/m"}, "MEL": {"crystal system": "tetragonal", "elastic tensor": [[78.8223, 38.1228, 40.6998, 0.0, 0.0, 0.0], [38.1228, 78.8223, 40.6998, 0.0, 0.0, 0.0], [40.6998, 40.6998, 99.9655, 0.0, 0.0, 0.0], [0.0, 0.0, 0.0, 15.5616, 0.0, 0.0], [0.0, 0.0, 0.0, 0.0, 15.5616, 0.0], [0.0, 0.0, 0.0, 0.0, 0.0, 16.6814]], "space group": "I-4m2"}, "MEP": {"crystal system": "cubic", "elastic tensor": [[132.8224, 68.5087, 68.5087, 0.0, 0.0, 0.0], [68.5087, 132.8224, 68.5087, 0.0, 0.0, 0.0], [68.5087, 68.5087, 132.8224, 0.0, 0.0, 0.0], [0.0, 0.0, 0.0, 28.6777, 0.0, 0.0], [0.0, 0.0, 0.0, 0.0, 28.6777, 0.0], [0.0, 0.0, 0.0, 0.0, 0.0, 28.6777]], "space group": "Pm-3n"}, "MER": {"crystal system": "orthorhombic", "elastic tensor": [[182.6979, 76.1569, 2.2904, 0.0, 0.0, 0.0], [76.1569, 182.6979, 2.2904, 0.0, 0.0, 0.0], [2.2904, 2.2904, 38.92, 0.0, 0.0, 0.0], [0.0, 0.0, 0.0, 16.7958, 0.0, 0.0], [0.0, 0.0, 0.0, 0.0, 16.7958, 0.0], [0.0, 0.0, 0.0, 0.0, 0.0, 5.2567]], "space group": "Immm"}, "MFI": {"crystal system": "orthorhombic", "elastic tensor": [[31.554, 11.4568, -0.2507, 0.0, 0.0, 0.0], [11.4568, 70.941, 20.9514, 0.0, 0.0, 0.0], [-0.2507, 20.9514, 68.0072, 0.0, 0.0, 0.0], [0.0, 0.0, 0.0, 16.6028, 0.0, 0.0], [0.0, 0.0, 0.0, 0.0, 16.5148, 0.0], [0.0, 0.0, 0.0, 0.0, 0.0, 17.0083]], "space group": "Pnma"}, "MFS": {"crystal system": "orthorhombic", "elastic tensor": [[131.0229, 46.8104, 63.8057, 0.0, 0.0, 0.0], [46.8104, 96.0291, 52.1346, 0.0, 0.0, 0.0], [63.8057, 52.1346, 125.3844, 0.0, 0.0, 0.0], [0.0, 0.0, 0.0, 14.237, 0.0, 0.0], [0.0, 0.0, 0.0, 0.0, 28.4523, 0.0], [0.0, 0.0, 0.0, 0.0, 0.0, 20.375]], "space group": "Imm2"}, "MON": {"crystal system": "tetragonal", "elastic tensor": [[177.257, 78.2547, 54.9162, 0.0, 0.0, 0.0], [78.2547, 177.257, 54.9162, 0.0, 0.0, 0.0], [54.9162, 54.9162, 133.2751, 0.0, 0.0, 0.0], [0.0, 0.0, 0.0, 27.1394, 0.0, 0.0], [0.0, 0.0, 0.0, 0.0, 27.1394, 0.0], [0.0, 0.0, 0.0, 0.0, 0.0, 23.6839]], "space group": "I41/amd"}, "MOR": {"crystal system": "orthorhombic", "elastic tensor": [[123.3953, 63.5022, 72.1919, 0.0, 0.0, 0.0], [63.5022, 97.3446, 40.594, 0.0, 0.0, 0.0], [72.1919, 40.594, 172.9213, 0.0, 0.0, 0.0], [0.0, 0.0, 0.0, 21.2528, 0.0, 0.0], [0.0, 0.0, 0.0, 0.0, 25.0751, 0.0], [0.0, 0.0, 0.0, 0.0, 0.0, 17.4388]], "space group": "Cmcm"}, "MOZ": {"crystal system": "orthorhombic", "elastic tensor": [[65.2154, 52.5389, 34.4056, 0.0, 0.0, 0.0], [52.5389, 65.2154, 34.4056, 0.0, 0.0, 0.0], [34.4056, 34.4056, 44.49, 0.0, 0.0, 0.0], [0.0, 0.0, 0.0, 11.9719, 0.0, 0.0], [0.0, 0.0, 0.0, 0.0, 11.9719, 0.0], [0.0, 0.0, 0.0, 0.0, 0.0, 6.3883]], "space group": "Imma"}, "MRE": {"crystal system": "orthorhombic", "elastic tensor": [[139.0536, 58.642, 63.2755, 0.0, 0.0, 0.0], [58.642, 104.56, 51.9985, 0.0, 0.0, 0.0], [63.2755, 51.9985, 131.1225, 0.0, 0.0, 0.0], [0.0, 0.0, 0.0, -14.0164, 0.0, 0.0], [0.0, 0.0, 0.0, 0.0, 28.3577, 0.0], [0.0, 0.0, 0.0, 0.0, 0.0, 28.551]], "space group": "Imma"}, "MSO": {"crystal system": "rhombohedral", "elastic tensor": [[43.4362, -5.7562, -5.2873, 14.9062, 2.6657, -11.9336], [-5.7562, 3.0246, 1.9852, -7.8258, -1.6475, 8.6329], [-5.2873, 1.9852, 53.9908, 0.9008, 2.3361, -5.9287], [14.9062, -7.8258, 0.9008, 5.3792, -0.43, 3.7959], [2.6657, -1.6475, 2.3361, -0.43, 6.0871, 11.0014], [-11.9336, 8.6329, -5.9287, 3.7959, 11.0014, 14.2552]], "space group": "R-3m"}, "MTF": {"crystal system": "monoclinic", "elastic tensor": [[100.648, 62.3057, 35.8525, 0.0, 12.3325, 0.0], [62.3057, 98.3796, 27.8904, 0.0, 5.0251, 0.0], [35.8525, 27.8904, 105.2408, 0.0, 11.3202, 0.0], [0.0, 0.0, 0.0, 6.965, 0.0, -28.782], [12.3325, 5.0251, 11.3202, 0.0, 23.6524, 0.0], [0.0, 0.0, 0.0, -28.782, 0.0, -53.9163]], "space group": "C12/m1"}, "MTN": {"crystal system": "cubic", "elastic tensor": [[163.1648, 95.4821, 95.4821, 0.0, 0.0, 0.0], [95.4821, 163.1648, 95.4821, 0.0, 0.0, 0.0], [95.4821, 95.4821, 163.1648, 0.0, 0.0, 0.0], [0.0, 0.0, 0.0, 33.1783, 0.0, 0.0], [0.0, 0.0, 0.0, 0.0, 33.1783, 0.0], [0.0, 0.0, 0.0, 0.0, 0.0, 33.1783]], "space group": "Fd-3m"}, "MTT": {"crystal system": "orthorhombic", "elastic tensor": [[157.4902, 48.6163, 66.6575, 0.0, 0.0, 0.0], [48.6163, 94.9907, 29.7271, 0.0, 0.0, 0.0], [66.6575, 29.7271, 136.8481, 0.0, 0.0, 0.0], [0.0, 0.0, 0.0, 34.1003, 0.0, 0.0], [0.0, 0.0, 0.0, 0.0, -33.1586, 0.0], [0.0, 0.0, 0.0, 0.0, 0.0, 23.5548]], "space group": "Pmn21"}, "MTW": {"crystal system": "monoclinic", "elastic tensor": [[102.6208, 72.7589, 28.3172, 0.0, -3.5383, 0.0], [72.7589, 169.4668, 28.0857, 0.0, 10.1533, 0.0], [28.3172, 28.0857, 29.5894, 0.0, 2.3067, 0.0], [0.0, 0.0, 0.0, 0.2675, 0.0, -3.2382], [-3.5383, 10.1533, 2.3067, 0.0, 29.5594, 0.0], [0.0, 0.0, 0.0, -3.2382, 0.0, -11.6813]], "space group": "C12/c1"}, "MVY": {"crystal system": "orthorhombic", "elastic tensor": [[147.184, 12.7865, 69.0702, 0.0, 0.0, 0.0], [12.7865, 30.7814, 34.0158, 0.0, 0.0, 0.0], [69.0702, 34.0158, 173.0222, 0.0, 0.0, 0.0], [0.0, 0.0, 0.0, 24.7421, 0.0, 0.0], [0.0, 0.0, 0.0, 0.0, 50.1226, 0.0], [0.0, 0.0, 0.0, 0.0, 0.0, 39.375]], "space group": "Pmn21"}, "MWW": {"crystal system": "hexagonal", "elastic tensor": [[110.9622, 59.6488, 46.4775, 0.0, 0.0, -0.0097], [59.6488, 110.8748, 46.4649, 0.0, 0.0, -0.0261], [46.4775, 46.4649, 83.6552, 0.0, 0.0, -0.0043], [0.0, 0.0, 0.0, 8.778, -0.0078, 0.0], [0.0, 0.0, 0.0, -0.0078, 8.7843, 0.0], [-0.0097, -0.0261, -0.0043, 0.0, 0.0, 25.6764]], "space group": "P6/mmm"}, "NAB": {"crystal system": "orthorhombic", "elastic tensor": [[123.3507, 67.2544, 41.3888, 0.0, 0.0, 0.0], [67.2544, 123.3507, 41.3888, 0.0, 0.0, 0.0], [41.3888, 41.3888, 98.5921, 0.0, 0.0, 0.0], [0.0, 0.0, 0.0, 27.8905, 0.0, 0.0], [0.0, 0.0, 0.0, 0.0, 27.8905, 0.0], [0.0, 0.0, 0.0, 0.0, 0.0, 15.9442]], "space group": "P212121"}, "NAT": {"crystal system": "orthorhombic", "elastic tensor": [[156.9235, 50.8071, 57.424, 0.0, 0.0, 0.0], [50.8071, 156.9235, 57.424, 0.0, 0.0, 0.0], [57.424, 57.424, 127.7562, 0.0, 0.0, 0.0], [0.0, 0.0, 0.0, 4.5795, 0.0, 0.0], [0.0, 0.0, 0.0, 0.0, 4.5795, 0.0], [0.0, 0.0, 0.0, 0.0, 0.0, 7.262]], "space group": "Fdd2"}, "NES": {"crystal system": "monoclinic", "elastic tensor": [[118.8431, 53.5017, 69.4011, 0.0, 0.0, 0.0], [53.5017, 152.0504, 56.6493, 0.0, 0.0, 0.0], [69.4011, 56.6493, 96.3539, 0.0, 0.0, 0.0], [0.0, 0.0, 0.0, -23.8976, 0.0, 0.0], [0.0, 0.0, 0.0, 0.0, 15.5396, 0.0], [0.0, 0.0, 0.0, 0.0, 0.0, 26.9373]], "space group": "P121/c1"}, "NON": {"crystal system": "orthorhombic", "elastic tensor": [[138.0315, 84.3175, 81.0216, 0.0, 0.0, 0.0], [84.3175, 163.2341, 85.2899, 0.0, 0.0, 0.0], [81.0216, 85.2899, 163.5044, 0.0, 0.0, 0.0], [0.0, 0.0, 0.0, 29.5786, 0.0, 0.0], [0.0, 0.0, 0.0, 0.0, 33.8384, 0.0], [0.0, 0.0, 0.0, 0.0, 0.0, 26.9398]], "space group": "Fmmm"}, "NPO": {"crystal system": "orthorhombic", "elastic tensor": [[121.4355, 23.328, 59.2696, 0.0, 0.0, 0.0], [23.328, 121.4355, 59.2696, 0.0, 0.0, 0.0], [59.2696, 59.2696, 268.1089, 0.0, 0.0, 0.0], [0.0, 0.0, 0.0, -15.8709, 0.0, 0.0], [0.0, 0.0, 0.0, 0.0, -15.8709, 0.0], [0.0, 0.0, 0.0, 0.0, 0.0, 49.1038]], "space group": "Pna21"}, "NSI": {"crystal system": "monoclinic", "elastic tensor": [[199.0969, 83.2297, 74.1531, 0.0, -3.6209, 0.0], [83.2297, 185.1434, 88.1107, 0.0, -17.6815, 0.0], [74.1531, 88.1107, 145.6782, 0.0, -11.3485, 0.0], [0.0, 0.0, 0.0, 4.6287, 0.0, -