{"ABW": {"crystal system": "orthorhombic", "elastic tensor": [[47.6952, 17.1853, -16.2098, 0.0, 0.0, 0.0], [17.1853, 294.0764, 165.5859, 0.0, 0.0, 0.0], [-16.2098, 165.5859, 226.258, 0.0, 0.0, 0.0], [0.0, 0.0, 0.0, 53.2178, 0.0, 0.0], [0.0, 0.0, 0.0, 0.0, 36.0673, 0.0], [0.0, 0.0, 0.0, 0.0, 0.0, -11.406]], "space group": "Pna21"}, "ACO": {"crystal system": "tetragonal", "elastic tensor": [[119.3452, 115.6235, 115.6235, 0.0, 0.0, 0.0], [115.6235, 119.3452, 115.6235, 0.0, 0.0, 0.0], [115.6235, 115.6235, 119.3452, 0.0, 0.0, 0.0], [0.0, 0.0, 0.0, 41.7834, 0.0, 0.0], [0.0, 0.0, 0.0, 0.0, 41.7834, 0.0], [0.0, 0.0, 0.0, 0.0, 0.0, 41.7834]], "space group": "I-42m"}, "AEI": {"crystal system": "monoclinic", "elastic tensor": [[119.6384, 87.1609, 78.2511, 0.0, 0.0, 0.0], [87.1609, 104.8184, 62.1944, 0.0, 0.0, 0.0], [78.2511, 62.1944, 116.2269, 0.0, 0.0, 0.0], [0.0, 0.0, 0.0, 9.009, 0.0, 0.0], [0.0, 0.0, 0.0, 0.0, 18.7812, 0.0], [0.0, 0.0, 0.0, 0.0, 0.0, 28.5534]], "space group": "C12/c1"}, "AEL": {"crystal system": "orthorhombic", "elastic tensor": [[180.4409, 42.2338, 33.6369, 0.0, 0.0, 0.0], [42.2338, 138.5448, 66.794, 0.0, 0.0, 0.0], [33.6369, 66.794, 126.2727, 0.0001, 0.0, 0.0], [0.0, 0.0, 0.0001, 7.0661, 0.0, 0.0], [0.0, 0.0, 0.0, 0.0, 37.6824, 0.0], [0.0, 0.0, 0.0, 0.0, 0.0, 32.7414]], "space group": "Ibm2"}, "AEN": {"crystal system": "orthorhombic", "elastic tensor": [[142.04, 96.8978, 78.0435, 0.0, 0.0, 0.0], [96.8978, 167.6382, 48.6578, 0.0, 0.0, 0.0], [78.0435, 48.6578, 165.0933, 0.0, 0.0, 0.0], [0.0, 0.0, 0.0, 29.7067, 0.0, 0.0], [0.0, 0.0, 0.0, 0.0, 22.2347, 0.0], [0.0, 0.0, 0.0, 0.0, 0.0, 21.2754]], "space group": "P212121"}, "AET": {"crystal system": "orthorhombic", "elastic tensor": [[69.2281, 68.521, 47.3783, 0.0, 0.0, 0.0], [68.521, 114.4656, 60.0459, 0.0, 0.0, 0.0], [47.3783, 60.0459, 216.9939, 0.0, 0.0, 0.0], [0.0, 0.0, 0.0, 27.7821, 0.0, 0.0], [0.0, 0.0, 0.0, 0.0, 29.3572, 0.0], [0.0, 0.0, 0.0, 0.0, 0.0, 15.3861]], "space group": "Cmc21"}, "AFG": {"crystal system": "hexagonal", "elastic tensor": [[151.4346, 113.6444, 101.1909, 0.0, 0.0, 0.0], [113.6444, 151.4346, 101.1909, 0.0, 0.0, 0.0], [101.1909, 101.1909, 177.9, 0.0, 0.0, 0.0], [0.0, 0.0, 0.0, 13.8876, 0.0, 0.0], [0.0, 0.0, 0.0, 0.0, 13.8876, 0.0], [0.0, 0.0, 0.0, 0.0, 0.0, 18.8951]], "space group": "P63mc"}, "AFI": {"crystal system": "hexagonal", "elastic tensor": [[132.2585, 97.7022, 73.0252, 0.0, 0.0, 0.0], [97.7022, 132.2585, 73.0252, 0.0, 0.0, 0.0], [73.0252, 73.0252, 228.1738, 0.0, 0.0, 0.0], [0.0, 0.0, 0.0, 31.8976, 0.0, 0.0], [0.0, 0.0, 0.0, 0.0, 31.8976, 0.0], [0.0, 0.0, 0.0, 0.0, 0.0, 17.2782]], "space group": "P6cc"}, "AFN": {"crystal system": "triclinic", "elastic tensor": [[216.5327, 6.9702, 38.6539, 0.0, 40.4268, 0.0], [6.9702, 224.2553, 9.9492, 0.0, 6.3149, 0.0], [38.6539, 9.9492, 106.3444, 0.0, 25.2917, 0.0], [0.0, 0.0, 0.0, 8.5982, 0.0, -13.2707], [40.4268, 6.3149, 25.2917, 0.0, 40.1802, 0.0], [0.0, 0.0, 0.0, -13.2707, 0.0, -27.5414]], "space group": "P-1"}, "AFO": {"crystal system": "monoclinic", "elastic tensor": [[162.2108, 50.9402, 21.2833, 0.0, 0.0, 0.0], [50.9402, 112.1603, 7.38, 0.0, 0.0, 0.0], [21.2833, 7.38, 127.8266, 0.0, 0.0, 0.0], [0.0, 0.0, 0.0, 31.8263, 0.0, 0.0], [0.0, 0.0, 0.0, 0.0, 34.8626, 0.0], [0.0, 0.0, 0.0, 0.0, 0.0, -15.5825]], "space group": "P1121"}, "AFR": {"crystal system": "orthorhombic", "elastic tensor": [[83.183, 50.71, 31.7752, 0.0, 0.0, 0.0], [50.71, 97.7818, 44.8767, 0.0, 0.0, 0.0], [31.7752, 44.8767, 65.2043, 0.0, 0.0, 0.0], [0.0, 0.0, 0.0, 16.8271, 0.0, 0.0], [0.0, 0.0, 0.0, 0.0, 4.8402, 0.0], [0.0, 0.0, 0.0, 0.0, 0.0, 23.5515]], "space group": "Pccn"}, "AFS": {"crystal system": "trigonal", "elastic tensor": [[77.3458, 45.8319, 56.5251, 0.0, 0.0, 0.0], [45.8319, 77.3458, 56.5251, 0.0, 0.0, 0.0], [56.5251, 56.5251, 123.8463, 0.0, 0.0, 0.0], [0.0, 0.0, 0.0, 10.7635, 0.0, 0.0], [0.0, 0.0, 0.0, 0.0, 10.7635, 0.0], [0.0, 0.0, 0.0, 0.0, 0.0, 15.7569]], "space group": "P3c1"}, "AFT": {"crystal system": "trigonal", "elastic tensor": [[131.9508, 88.2811, 65.2898, 0.0, 0.0, 0.0], [88.2811, 131.9508, 65.2898, 0.0, 0.0, 0.0], [65.2898, 65.2898, 45.2258, 0.0, 0.0, 0.0], [0.0, 0.0, 0.0, 25.5153, 0.0, 0.0], [0.0, 0.0, 0.0, 0.0, 25.5153, 0.0], [0.0, 0.0, 0.0, 0.0, 0.0, 21.8349]], "space group": "P-31c"}, "AFX": {"crystal system": "trigonal", "elastic tensor": [[135.7983, 90.1845, 56.6735, 0.0, 0.0, 0.0], [90.1845, 135.7983, 56.6735, 0.0, 0.0, 0.0], [56.6735, 56.6735, 33.3941, 0.0, 0.0, 0.0], [0.0, 0.0, 0.0, 25.7882, 0.0, 0.0], [0.0, 0.0, 0.0, 0.0, 25.7882, 0.0], [0.0, 0.0, 0.0, 0.0, 0.0, 22.8069]], "space group": "P-31c"}, "AFY": {"crystal system": "trigonal", "elastic tensor": [[67.2487, 39.5044, 37.3715, 0.0, 0.9796, 0.0], [39.5044, 67.2487, 37.3715, 0.0, -0.9796, 0.0], [37.3715, 37.3715, 113.9311, 0.0, 0.0, 0.0], [0.0, 0.0, 0.0, 9.5049, 0.0, -0.9796], [0.9796, -0.9796, 0.0, 0.0, 9.5049, 0.0], [0.0, 0.0, 0.0, -0.9796, 0.0, 13.8721]], "space group": "P-3"}, "AHT": {"crystal system": "monoclinic", "elastic tensor": [[242.0257, 54.4109, 101.9264, 0.0, 0.0, 0.0], [54.4109, 32.8701, 29.6023, 0.0, 0.0, 0.0], [101.9264, 29.6023, 247.268, 0.0, 0.0, 0.0], [0.0, 0.0, 0.0, 24.5448, 0.0, 0.0], [0.0, 0.0, 0.0, 0.0, 40.3669, 0.0], [0.0, 0.0, 0.0, 0.0, 0.0, 34.585]], "space group": "P1121"}, "ANA": {"crystal system": "cubic", "elastic tensor": [[158.3198, 88.2969, 88.2969, 0.0, 0.0, 0.0], [88.2969, 158.3198, 88.2969, 0.0, 0.0, 0.0], [88.2969, 88.2969, 158.3198, 0.0, 0.0, 0.0], [0.0, 0.0, 0.0, 26.295, 0.0, 0.0], [0.0, 0.0, 0.0, 0.0, 26.295, 0.0], [0.0, 0.0, 0.0, 0.0, 0.0, 26.295]], "space group": "Ia-3d"}, "APC": {"crystal system": "orthorhombic", "elastic tensor": [[33.5683, 33.8426, 52.9926, 0.0, 0.0, 0.0], [33.8426, 78.0122, 114.0114, 0.0, 0.0, 0.0], [52.9926, 114.0114, 219.0616, 0.0, 0.0, 0.0], [0.0, 0.0, 0.0, 44.2415, 0.0, 0.0], [0.0, 0.0, 0.0, 0.0, 38.2389, 0.0], [0.0, 0.0, 0.0, 0.0, 0.0, 19.836]], "space group": "Pbca"}, "APD": {"crystal system": "orthorhombic", "elastic tensor": [[155.3109, 91.9261, 94.7186, 0.0, 0.0, 0.0], [91.9261, 148.1968, 149.0218, 0.0, 0.0, 0.0], [94.7186, 149.0218, 160.6174, 0.0, 0.0, 0.0], [0.0, 0.0, 0.0, 43.1992, 0.0, 0.0], [0.0, 0.0, 0.0, 0.0, 35.4506, 0.0], [0.0, 0.0, 0.0, 0.0, 0.0, 33.8586]], "space group": "Pca21"}, "AST": {"crystal system": "cubic", "elastic tensor": [[126.2821, 112.26, 112.26, 0.0, 0.0, 0.0], [112.26, 126.2821, 112.26, 0.0, 0.0, 0.0], [112.26, 112.26, 126.2821, 0.0, 0.0, 0.0], [0.0, 0.0, 0.0, 35.0607, 0.0, 0.0], [0.0, 0.0, 0.0, 0.0, 35.0607, 0.0], [0.0, 0.0, 0.0, 0.0, 0.0, 35.0607]], "space group": "F23"}, "ASV": {"crystal system": "tetragonal", "elastic tensor": [[59.5607, -10.725, 52.8855, 0.0, 0.0, 0.0], [-10.725, 59.5607, 52.8855, 0.0, 0.0, 0.0], [52.8855, 52.8855, 176.653, 0.0, 0.0, 0.0], [0.0, 0.0, 0.0, 35.9431, 0.0, 0.0], [0.0, 0.0, 0.0, 0.0, 35.9431, 0.0], [0.0, 0.0, 0.0, 0.0, 0.0, 4.0347]], "space group": "P4/mcc"}, "ATN": {"crystal system": "tetragonal", "elastic tensor": [[-4.4117, 260.3209, 74.6562, 0.0, 0.0, 0.0], [260.3209, -4.4117, 74.6562, 0.0, 0.0, 0.0], [74.6562, 74.6562, 176.1528, 0.0, 0.0, 0.0], [0.0, 0.0, 0.0, -3.9037, 0.0, 0.0], [0.0, 0.0, 0.0, 0.0, -3.9037, 0.0], [0.0, 0.0, 0.0, 0.0, 0.0, 1.8478]], "space group": "I4/m"}, "ATO": {"crystal system": "trigonal", "elastic tensor": [[140.5951, 92.0522, 94.4655, 11.8763, -1.3598, -0.4367], [92.0522, 140.884, 94.4066, -10.9915, 1.6238, -0.1763], [94.4655, 94.4066, 204.3738, 0.4946, 0.3354, -0.585], [11.8763, -10.9915, 0.4946, 22.0643, -0.1637, 1.4807], [-1.3598, 1.6238, 0.3354, -0.1637, 22.3592, 11.3591], [-0.4367, -0.1763, -0.585, 1.4807, 11.3591, 24.4849]], "space group": "R-3"}, "ATS": {"crystal system": "monoclinic", "elastic tensor": [[117.136, 64.9179, 47.9005, 0.0, 0.0, 0.0], [64.9179, 158.6575, 66.2276, 0.0, 0.0, 0.0], [47.9005, 66.2276, 152.2071, 0.0, 0.0, 0.0], [0.0, 0.0, 0.0, 6.0188, 0.0, 0.0], [0.0, 0.0, 0.0, 0.0, -32.5965, 0.0], [0.0, 0.0, 0.0, 0.0, 0.0, 12.327]], "space group": "C12/c1"}, "ATT": {"crystal system": "orthorhombic", "elastic tensor": [[44.0918, 8.0744, -6.2685, 0.0, 0.0, 0.0], [8.0744, 199.5141, 164.7919, 0.0, 0.0, 0.0], [-6.2685, 164.7919, 177.1348, 0.0, 0.0, 0.0], [0.0, 0.0, 0.0, -16.5866, 0.0, 0.0], [0.0, 0.0, 0.0, 0.0, 28.9692, 0.0], [0.0, 0.0, 0.0, 0.0, 0.0, -6.1006]], "space group": "P21212"}, "ATV": {"crystal system": "orthorhombic", "elastic tensor": [[263.7078, 78.5363, 102.1049, 0.0, 0.0, 0.0], [78.5363, 122.3254, 133.577, 0.0, 0.0, 0.0], [102.1049, 133.577, 205.747, 0.0, 0.0, 0.0], [0.0, 0.0, 0.0, -127.0554, 0.0, 0.0], [0.0, 0.0, 0.0, 0.0, 38.8749, 0.0], [0.0, 0.0, 0.0, 0.0, 0.0, 37.8388]], "space group": "Aemm"}, "AWO": {"crystal system": "monoclinic", "elastic tensor": [[2.1252, -2.6218, -0.9385, 0.0, 0.0, 0.0], [-2.6218, 114.5021, 117.0243, 0.0, 0.0, 0.0], [-0.9385, 117.0243, 198.6122, 0.0, 0.0, 0.0], [0.0, 0.0, 0.0, -12.3986, 0.0, 0.0], [0.0, 0.0, 0.0, 0.0, 23.7119, 0.0], [0.0, 0.0, 0.0, 0.0, 0.0, -40.6697]], "space group": "P121/a1"}, "AWW": {"crystal system": "tetragonal", "elastic tensor": [[100.755, 101.6128, 74.0619, 0.0, 0.0, 0.0], [101.6128, 100.755, 74.0619, 0.0, 0.0, 0.0], [74.0619, 74.0619, 101.2468, 0.0, 0.0, 0.0], [0.0, 0.0, 0.0, 23.2391, 0.0, 0.0], [0.0, 0.0, 0.0, 0.0, 23.2391, 0.0], [0.0, 0.0, 0.0, 0.0, 0.0, 14.4189]], "space group": "P4/ncc"}, "BCT": {"crystal system": "tetragonal", "elastic tensor": [[157.4423, 147.8022, 132.423, 0.0, 0.0, 0.0], [147.8022, 157.4423, 132.423, 0.0, 0.0, 0.0], [132.423, 132.423, 263.9888, 0.0, 0.0, 0.0], [0.0, 0.0, 0.0, 47.2617, 0.0, 0.0], [0.0, 0.0, 0.0, 0.0, 47.2617, 0.0], [0.0, 0.0, 0.0, 0.0, 0.0, 40.0221]], "space group": "I4mm"}, "BEA": {"crystal system": "tetragonal", "elastic tensor": [[93.9726, 47.4523, 65.0748, 0.0, 0.0, 0.0], [47.4523, 93.9726, 65.0748, 0.0, 0.0, 0.0], [65.0748, 65.0748, 107.7209, 0.0, 0.0, 0.0], [0.0, 0.0, 0.0, 15.2453, 0.0, 0.0], [0.0, 0.0, 0.0, 0.0, 15.2453, 0.0], [0.0, 0.0, 0.0, 0.0, 0.0, 17.6622]], "space group": "P4122"}, "BEC": {"crystal system": "tetragonal", "elastic tensor": [[69.7095, 44.2472, 66.5169, 0.0, 0.0, 0.0], [44.2472, 69.7095, 66.5169, 0.0, 0.0, 0.0], [66.5169, 66.5169, 140.4772, 0.0, 0.0, 0.0], [0.0, 0.0, 0.0, 28.4578, 0.0, 0.0], [0.0, 0.0, 0.0, 0.0, 28.4578, 0.0], [0.0, 0.0, 0.0, 0.0, 0.0, 18.3475]], "space group": "I41/amd"}, "BIK": {"crystal system": "triclinic", "elastic tensor": [[250.6925, 115.1118, 71.3016, 0.0, 0.0, 0.0], [115.1118, 186.0158, 117.9398, 0.0, 0.0, 0.0], [71.3016, 117.9398, 220.1348, 0.0, 0.0, 0.0], [0.0, 0.0, 0.0, 57.7446, 0.0, 0.0], [0.0, 0.0, 0.0, 0.0, 28.8844, 0.0], [0.0, 0.0, 0.0, 0.0, 0.0, 62.8601]], "space group": "P1"}, "BOF": {"crystal system": "orthorhombic", "elastic tensor": [[426.7996, 40.5698, -167.2029, 0.0, 0.0, 0.0], [40.5698, 138.4137, 0.9018, 0.0, 0.0, 0.0], [-167.2029, 0.9018, 77.4176, 0.0, 0.0, 0.0], [0.0, 0.0, 0.0, 23.3139, 0.0, 0.0], [0.0, 0.0, 0.0, 0.0, 14.8281, 0.0], [0.0, 0.0, 0.0, 0.0, 0.0, 25.7755]], "space group": "Pnma"}, "BOG": {"crystal system": "orthorhombic", "elastic tensor": [[149.041, 42.2451, 68.952, 0.0, 0.0, 0.0], [42.2451, 67.1654, 54.5692, 0.0, 0.0, 0.0], [68.952, 54.5692, 109.2958, 0.0, 0.0, 0.0], [0.0, 0.0, 0.0, 25.0791, 0.0, 0.0], [0.0, 0.0, 0.0, 0.0, 12.2891, 0.0], [0.0, 0.0, 0.0, 0.0, 0.0, 15.3405]], "space group": "Imma"}, "BPH": {"crystal system": "trigonal", "elastic tensor": [[77.9179, 45.4368, 56.7621, 0.0, 0.0, 0.0], [45.4368, 77.9179, 56.7621, 0.0, 0.0, 0.0], [56.7621, 56.7621, 123.9994, 0.0, 0.0, 0.0], [0.0, 0.0, 0.0, 10.7683, 0.0, 0.0], [0.0, 0.0, 0.0, 0.0, 10.7683, 0.0], [0.0, 0.0, 0.0, 0.0, 0.0, 16.2406]], "space group": "P321"}, "BRE": {"crystal system": "monoclinic", "elastic tensor": [[95.9974, 15.1204, 14.1623, 0.0, 20.3218, 0.0], [15.1204, 65.362, 21.2434, 0.0, 9.6873, 0.0], [14.1623, 21.2434, 111.3621, 0.0, 16.5394, 0.0], [0.0, 0.0, 0.0, 2.2163, 0.0, 2.9756], [20.3218, 9.6873, 16.5394, 0.0, 20.0012, 0.0], [0.0, 0.0, 0.0, 2.9756, 0.0, 9.7022]], "space group": "P121/m1"}, "BSV": {"crystal system": "cubic", "elastic tensor": [[96.0419, 54.2648, 54.2648, 0.0, 0.0, 0.0], [54.2648, 96.0419, 54.2648, 0.0, 0.0, 0.0], [54.2648, 54.2648, 96.0419, 0.0, 0.0, 0.0], [0.0, 0.0, 0.0, 26.9988, 0.0, 0.0], [0.0, 0.0, 0.0, 0.0, 26.9988, 0.0], [0.0, 0.0, 0.0, 0.0, 0.0, 26.9988]], "space group": "Ia-3d"}, "CAN": {"crystal system": "hexagonal", "elastic tensor": [[152.458, 114.9454, 97.2386, 0.0, 0.0, 0.0], [114.9454, 152.458, 97.2386, 0.0, 0.0, 0.0], [97.2386, 97.2386, 197.315, 0.0, 0.0, 0.0], [0.0, 0.0, 0.0, 7.6299, 0.0, 0.0], [0.0, 0.0, 0.0, 0.0, 7.6299, 0.0], [0.0, 0.0, 0.0, 0.0, 0.0, 18.7563]], "space group": "P63"}, "CAS": {"crystal system": "orthorhombic", "elastic tensor": [[215.7497, 102.0909, 103.8282, 0.0, 0.0, 0.0], [102.0909, 247.7814, 95.5948, 0.0, 0.0, 0.0], [103.8282, 95.5948, 184.2571, 0.0, 0.0, 0.0], [0.0, 0.0, 0.0, 34.115, 0.0, 0.0], [0.0, 0.0, 0.0, 0.0, 63.6542, 0.0], [0.0, 0.0, 0.0, 0.0, 0.0, -171.9536]], "space group": "Ama2"}, "CDO": {"crystal system": "orthorhombic", "elastic tensor": [[208.5234, 72.9681, 59.8903, 0.0, 0.0, 0.0], [72.9681, 145.6806, 74.0835, 0.0, 0.0, 0.0], [59.8903, 74.0835, 198.2408, 0.0, 0.0, 0.0], [0.0, 0.0, 0.0, 19.6899, 0.0, 0.0], [0.0, 0.0, 0.0, 0.0, 28.7391, 0.0], [0.0, 0.0, 0.0, 0.0, 0.0, 27.374]], "space group": "Pnma"}, "CFI": {"crystal system": "orthorhombic", "elastic tensor": [[158.0474, 68.6524, 68.4855, 0.0, 0.0, 0.0], [68.6524, 190.7652, 89.5101, 0.0, 0.0, 0.0], [68.4855, 89.5101, 141.4612, 0.0, 0.0, 0.0], [0.0, 0.0, 0.0, 11.076, 0.0, 0.0], [0.0, 0.0, 0.0, 0.0, 35.2158, 0.0], [0.0, 0.0, 0.0, 0.0, 0.0, 38.7486]], "space group": "Pmn21"}, "CGF": {"crystal system": "monoclinic", "elastic tensor": [[62.9644, -7.9913, 13.8656, 0.0, 18.1978, 0.0], [-7.9913, 61.9238, 20.4782, 0.0, -19.7486, 0.0], [13.8656, 20.4782, 96.7162, 0.0, 9.9337, 0.0], [0.0, 0.0, 0.0, -6.4401, 0.0, -1.9665], [18.1978, -19.7486, 9.9337, 0.0, 34.6052, 0.0], [0.0, 0.0, 0.0, -1.9665, 0.0, 0.3814]], "space group": "I12/a1"}, "CGS": {"crystal system": "monoclinic", "elastic tensor": [[55.9018, -2.5338, 4.5292, 0.0, 0.0, 0.0], [-2.5338, 18.9682, 0.7764, 0.0, 0.0, 0.0], [4.5292, 0.7764, 45.3257, 0.0, 0.0, 0.0], [0.0, 0.0, 0.0, 11.6635, 0.0, 0.0], [0.0, 0.0, 0.0, 0.0, 11.3101, 0.0], [0.0, 0.0, 0.0, 0.0, 0.0, 11.2387]], "space group": "P121/c1"}, "CHA": {"crystal system": "rhombohedral", "elastic tensor": [[126.931, 85.39, 74.2271, 3.4005, -0.0001, -0.0002], [85.39, 126.9308, 74.227, -3.4004, -0.0001, -0.0001], [74.2271, 74.227, 61.4143, 0.0, -0.0001, -0.0001], [3.4005, -3.4004, 0.0, 24.6788, 0.0, 0.0], [-0.0001, -0.0001, -0.0001, 0.0, 24.6788, 3.4005], [-0.0002, -0.0001, -0.0001, 0.0, 3.4005, 20.7705]], "space group": "R-3m"}, "CON": {"crystal system": "monoclinic", "elastic tensor": [[42.3602, 46.2743, 45.2722, 0.0, 0.7774, 0.0], [46.2743, 119.7541, 64.1629, 0.0, -4.9417, 0.0], [45.2722, 64.1629, 111.7588, 0.0, -7.4705, 0.0], [0.0, 0.0, 0.0, 22.3582, 0.0, 1.8507], [0.7774, -4.9417, -7.4705, 0.0, 24.8139, 0.0], [0.0, 0.0, 0.0, 1.8507, 0.0, 19.8764]], "space group": "C12/m1"}, "CZP": {"crystal system": "hexagonal", "elastic tensor": [[79.8797, 45.2364, 39.4951, 0.0, 0.0, 0.0], [45.2364, 79.8797, 39.4951, 0.0, 0.0, 0.0], [39.4951, 39.4951, 165.4957, 0.0, 0.0, 0.0], [0.0, 0.0, 0.0, 36.7682, 0.0, 0.0], [0.0, 0.0, 0.0, 0.0, 36.7682, 0.0], [0.0, 0.0, 0.0, 0.0, 0.0, 17.3217]], "space group": "P6122"}, "DAC": {"crystal system": "monoclinic", "elastic tensor": [[179.7936, 103.8199, 78.3399, 0.0, 3.9775, 0.0], [103.8199, 229.2468, 51.7139, 0.0, 10.0143, 0.0], [78.3399, 51.7139, 119.3458, 0.0, -10.9896, 0.0], [0.0, 0.0, 0.0, 23.0558, 0.0, -4.0794], [3.9775, 10.0143, -10.9896, 0.0, 27.0005, 0.0], [0.0, 0.0, 0.0, -4.0794, 0.0, 31.2928]], "space group": "C12/m1"}, "DFO": {"crystal system": "hexagonal", "elastic tensor": [[101.6922, 57.6226, 40.5759, 0.0, 0.0, 0.0], [57.6226, 101.6922, 40.5759, 0.0, 0.0, 0.0], [40.5759, 40.5759, 69.9815, 0.0, 0.0, 0.0], [0.0, 0.0, 0.0, 16.1945, 0.0, 0.0], [0.0, 0.0, 0.0, 0.0, 16.1945, 0.0], [0.0, 0.0, 0.0, 0.0, 0.0, 22.0348]], "space group": "P6/mmm"}, "DFT": {"crystal system": "monoclinic", "elastic tensor": [[200.0121, 112.3834, 63.9896, 0.0, 0.0, 0.0], [112.3834, 200.0121, 63.9896, 0.0, 0.0, 0.0], [63.9896, 63.9896, 67.3928, 0.0, 0.0, 0.0], [0.0, 0.0, 0.0, 829.3554, 0.0, 0.0], [0.0, 0.0, 0.0, 0.0, 829.3554, 0.0], [0.0, 0.0, 0.0, 0.0, 0.0, 2.5108]], "space group": "I112/b"}, "DOH": {"crystal system": "hexagonal", "elastic tensor": [[190.5183, 109.2165, 117.8026, 0.0, 0.0, 0.0004], [109.2165, 190.5193, 117.8024, 0.0, 0.0, 0.0003], [117.8026, 117.8024, 190.3351, 0.0, 0.0, -0.0002], [0.0, 0.0, 0.0, 36.8684, 0.0001, 0.0], [0.0, 0.0, 0.0, 0.0001, 36.8683, 0.0], [0.0004, 0.0003, -0.0002, 0.0, 0.0, 40.6511]], "space group": "P6/mmm"}, "DON": {"crystal system": "monoclinic", "elastic tensor": [[147.4777, 74.2803, 82.2352, 0.0, 0.0, 0.0], [74.2803, 97.8759, 57.1973, 0.0, 0.0, 0.0], [82.2352, 57.1973, 134.7927, 0.0, 0.0, 0.0], [0.0, 0.0, 0.0, 26.5412, 0.0, 0.0], [0.0, 0.0, 0.0, 0.0, 31.4999, 0.0], [0.0, 0.0, 0.0, 0.0, 0.0, 12.4025]], "space group": "P1c1"}, "EAB": {"crystal system": "hexagonal", "elastic tensor": [[112.7784, 75.3268, 84.333, 0.0, 0.0, 0.0], [75.3268, 112.7784, 84.333, 0.0, 0.0, 0.0], [84.333, 84.333, 105.0444, 0.0, 0.0, 0.0], [0.0, 0.0, 0.0, 25.0071, 0.0, 0.0], [0.0, 0.0, 0.0, 0.0, 25.0071, 0.0], [0.0, 0.0, 0.0, 0.0, 0.0, 18.7258]], "space group": "P63/mmc"}, "EDI": {"crystal system": "orthorhombic", "elastic tensor": [[190.3741, 63.4191, 72.8127, 0.0, 0.0, 0.0], [63.4191, 190.3741, 72.8127, 0.0, 0.0, 0.0], [72.8127, 72.8127, 144.8284, 0.0, 0.0, 0.0], [0.0, 0.0, 0.0, 3.4557, 0.0, 0.0], [0.0, 0.0, 0.0, 0.0, 3.4557, 0.0], [0.0, 0.0, 0.0, 0.0, 0.0, 8.7103]], "space group": "P21212"}, "EMT": {"crystal system": "hexagonal", "elastic tensor": [[91.2561, 55.0077, 57.1701, 0.0, 0.0, 0.0], [55.0077, 91.2561, 57.1701, 0.0, 0.0, 0.0], [57.1701, 57.1701, 87.0053, 0.0, 0.0, 0.0], [0.0, 0.0, 0.0, 16.3383, 0.0, 0.0], [0.0, 0.0, 0.0, 0.0, 16.3383, 0.0], [0.0, 0.0, 0.0, 0.0, 0.0, 18.1242]], "space group": "P63/mmc"}, "EON": {"crystal system": "orthorhombic", "elastic tensor": [[158.2552, 71.1376, 53.2239, 0.0, 0.0, 0.0], [71.1376, 129.508, 84.1069, 0.0, 0.0, 0.0], [53.2239, 84.1069, 99.537, 0.0, 0.0, 0.0], [0.0, 0.0, 0.0, 13.6687, 0.0, 0.0], [0.0, 0.0, 0.0, 0.0, 16.4409, 0.0], [0.0, 0.0, 0.0, 0.0, 0.0, 22.7089]], "space group": "Pmmn"}, "EPI": {"crystal system": "monoclinic", "elastic tensor": [[157.0706, 75.0015, 72.8069, 0.0, 23.6479, 0.0], [75.0015, 143.39, 72.1652, 0.0, 3.4442, 0.0], [72.8069, 72.1652, 125.7696, 0.0, -0.047, 0.0], [0.0, 0.0, 0.0, 21.9482, 0.0, 1.5588], [23.6479, 3.4442, -0.047, 0.0, 55.0939, 0.0], [0.0, 0.0, 0.0, 1.5588, 0.0, 31.4241]], "space group": "C2/m"}, "ERI": {"crystal system": "hexagonal", "elastic tensor": [[131.701, 87.7344, 76.5625, 0.0, 0.0, 0.0], [87.7344, 131.701, 76.5625, 0.0, 0.0, 0.0], [76.5625, 76.5625, 82.4811, 0.0, 0.0, 0.0], [0.0, 0.0, 0.0, 17.994, 0.0, 0.0], [0.0, 0.0, 0.0, 0.0, 17.994, 0.0], [0.0, 0.0, 0.0, 0.0, 0.0, 21.9833]], "space group": "P63/mmc"}, "ESV": {"crystal system": "orthorhombic", "elastic tensor": [[92.8867, 43.778, 29.326, 0.0, 0.0, 0.0], [43.778, 84.1592, 28.1, 0.0, 0.0, 0.0], [29.326, 28.1, 64.9168, 0.0, 0.0, 0.0], [0.0, 0.0, 0.0, 20.1918, 0.0, 0.0], [0.0, 0.0, 0.0, 0.0, 23.6376, 0.0], [0.0, 0.0, 0.0, 0.0, 0.0, 19.6951]], "space group": "Pnma"}, "ETR": {"crystal system": "hexagonal", "elastic tensor": [[43.8974, 21.2506, 20.9105, 0.0, 0.0, 0.0], [21.2506, 43.8974, 20.9105, 0.0, 0.0, 0.0], [20.9105, 20.9105, 74.8558, 0.0, 0.0, 0.0], [0.0, 0.0, 0.0, 11.1239, 0.0, 0.0], [0.0, 0.0, 0.0, 0.0, 11.1239, 0.0], [0.0, 0.0, 0.0, 0.0, 0.0, 11.3234]], "space group": "P63mc"}, "EUO": {"crystal system": "orthorhombic", "elastic tensor": [[172.8944, 71.1475, 54.7671, 0.0, 0.0, 0.0], [71.1475, 132.6621, 75.3929, 0.0, 0.0, 0.0], [54.7671, 75.3929, 127.156, 0.0, 0.0, 0.0], [0.0, 0.0, 0.0, 26.5461, 0.0, 0.0], [0.0, 0.0, 0.0, 0.0, 7.9359, 0.0], [0.0, 0.0, 0.0, 0.0, 0.0, 25.7741]], "space group": "Cmme"}, "EZT": {"crystal system": "monoclinic", "elastic tensor": [[42.0008, 2.8143, 14.4554, 0.0, 0.0004, 0.0], [2.8143, 94.1273, 54.6347, 0.0, 0.0003, 0.0], [14.4554, 54.6347, 127.2578, 0.0, -0.0004, 0.0], [0.0, 0.0, 0.0, 20.9386, 0.0, 0.0001], [0.0004, 0.0003, -0.0004, 0.0, 18.4604, 0.0], [0.0, 0.0, 0.0, 0.0001, 0.0, 7.6028]], "space group": "I2/m11"}, "FAR": {"crystal system": "hexagonal", "elastic tensor": [[149.2841, 110.5793, 106.3661, 0.0, 0.0, 0.0], [110.5793, 149.2841, 106.3661, 0.0, 0.0, 0.0], [106.3661, 106.3661, 160.0381, 0.0, 0.0, 0.0], [0.0, 0.0, 0.0, 21.4192, 0.0, 0.0], [0.0, 0.0, 0.0, 0.0, 21.4192, 0.0], [0.0, 0.0, 0.0, 0.0, 0.0, 19.3524]], "space group": "P63/m"}, "FAU": {"crystal system": "cubic", "elastic tensor": [[88.7559, 57.2232, 57.2232, 0.0, 0.0, 0.0], [57.2232, 88.7559, 57.2232, 0.0, 0.0, 0.0], [57.2232, 57.2232, 88.7559, 0.0, 0.0, 0.0], [0.0, 0.0, 0.0, 16.3579, 0.0, 0.0], [0.0, 0.0, 0.0, 0.0, 16.3579, 0.0], [0.0, 0.0, 0.0, 0.0, 0.0, 16.3579]], "space group": "Fd-3m"}, "FER": {"crystal system": "orthorhombic", "elastic tensor": [[160.8118, 82.2846, 87.9522, 0.0, 0.0, 0.0], [82.2846, 181.4676, 64.6669, 0.0, 0.0, 0.0], [87.9522, 64.6669, 217.534, 0.0, 0.0, 0.0], [0.0, 0.0, 0.0, 29.0055, 0.0, 0.0], [0.0, 0.0, 0.0, 0.0, 23.8206, 0.0], [0.0, 0.0, 0.0, 0.0, 0.0, 8.1955]], "space group": "Immm"}, "FRA": {"crystal system": "trigonal", "elastic tensor": [[148.9556, 108.5973, 111.3203, -4.4446, 0.0011, -0.0006], [108.5973, 148.9542, 111.3196, 4.4446, -0.0011, -0.0007], [111.3203, 111.3196, 160.1096, 0.0, 0.0, -0.0006], [-4.4446, 4.4446, 0.0, 25.725, 0.0, -0.0011], [0.0011, -0.0011, 0.0, 0.0, 25.725, -4.4446], [-0.0006, -0.0007, -0.0006, -0.0011, -4.4446, 20.1787]], "space group": "P321"}, "GIS": {"crystal system": "monoclinic", "elastic tensor": [[38.9433, 39.2313, 82.4836, 0.0, 0.0, 0.0], [39.2313, 38.9433, 82.4836, 0.0, 0.0, 0.0], [82.4836, 82.4836, 222.3259, 0.0, 0.0, 0.0], [0.0, 0.0, 0.0, 40.1913, 0.0, 0.0], [0.0, 0.0, 0.0, 0.0, 40.1913, 0.0], [0.0, 0.0, 0.0, 0.0, 0.0, 17.7047]], "space group": "P1121/a"}, "GIU": {"crystal system": "trigonal", "elastic tensor": [[149.2111, 111.0169, 102.4723, 0.0, 0.0, 0.0], [111.0169, 149.2111, 102.4723, 0.0, 0.0, 0.0], [102.4723, 102.4723, 167.6583, 0.0, 0.0, 0.0], [0.0, 0.0, 0.0, 16.1376, 0.0, 0.0], [0.0, 0.0, 0.0, 0.0, 16.1376, 0.0], [0.0, 0.0, 0.0, 0.0, 0.0, 19.0971]], "space group": "P31c"}, "GME": {"crystal system": "hexagonal", "elastic tensor": [[152.0572, 99.8956, 5.153, -0.0076, -0.0044, 0.0019], [99.8956, 152.1064, 5.1492, 0.0005, -0.006, 0.0765], [5.153, 5.1492, 20.2951, 0.0013, -0.0044, -0.003], [-0.0076, 0.0005, 0.0013, 20.5642, -0.0073, -0.0003], [-0.0044, -0.006, -0.0044, -0.0073, 20.5683, 0.001], [0.0019, 0.0765, -0.003, -0.0003, 0.001, 26.1089]], "space group": "P63/mmc"}, "GON": {"crystal system": "orthorhombic", "elastic tensor": [[45.3364, 28.9034, -24.7613, 0.0, 0.0, 0.0], [28.9034, 95.8261, -22.7463, 0.0, 0.0, 0.0], [-24.7613, -22.7463, 42.1291, 0.0, 0.0, 0.0], [0.0, 0.0, 0.0, 6.3108, 0.0, 0.0], [0.0, 0.0, 0.0, 0.0, 36.4451, 0.0], [0.0, 0.0, 0.0, 0.0, 0.0, 11.8206]], "space group": "C222"}, "GOO": {"crystal system": "monoclinic", "elastic tensor": [[20.6091, 14.3256, 0.424, 0.0, 0.0, 0.0], [14.3256, 75.3676, 39.5993, 0.0, 0.0, 0.0], [0.424, 39.5993, 75.9124, 0.0, 0.0, 0.0], [0.0, 0.0, 0.0, 29.9901, 0.0, 0.0], [0.0, 0.0, 0.0, 0.0, 11.3727, 0.0], [0.0, 0.0, 0.0, 0.0, 0.0, 22.673]], "space group": "P1211"}, "HEU": {"crystal system": "monoclinic", "elastic tensor": [[93.0254, 10.256, 17.4376, 0.0, -14.3869, 0.0], [10.256, 57.1288, 14.653, 0.0, -20.0401, 0.0], [17.4376, 14.653, 99.8428, 0.0, -21.3629, 0.0], [0.0, 0.0, 0.0, 3.9077, 0.0, 3.0195], [-14.3869, -20.0401, -21.3629, 0.0, 34.0263, 0.0], [0.0, 0.0, 0.0, 3.0195, 0.0, 4.336]], "space group": "Cm"}, "IFR": {"crystal system": "monoclinic", "elastic tensor": [[71.4384, 54.9299, 9.6935, 0.0, 6.8952, 0.0], [54.9299, 116.4559, 44.6764, 0.0, 13.0782, 0.0], [9.6935, 44.6764, 97.6131, 0.0, 15.5592, 0.0], [0.0, 0.0, 0.0, 20.3161, 0.0, 1.4087], [6.8952, 13.0782, 15.5592, 0.0, 14.5147, 0.0], [0.0, 0.0, 0.0, 1.4087, 0.0, 17.2107]], "space group": "I12/m1"}, "IHW": {"crystal system": "orthorhombic", "elastic tensor": [[117.9525, 24.4447, 12.1723, 0.0, 0.0, 0.0], [24.4447, 100.3703, 48.2229, 0.0, 0.0, 0.0], [12.1723, 48.2229, 81.5901, 0.0, 0.0, 0.0], [0.0, 0.0, 0.0, 27.8601, 0.0, 0.0], [0.0, 0.0, 0.0, 0.0, 27.7744, 0.0], [0.0, 0.0, 0.0, 0.0, 0.0, 22.488]], "space group": "Cmce"}, "IMF": {"crystal system": "orthorhombic", "elastic tensor": [[119.1679, 53.0051, 40.7315, 0.0, 0.0, 0.0], [53.0051, 119.442, 56.1974, 0.0, 0.0, 0.0], [40.7315, 56.1974, 102.7537, 0.0, 0.0, 0.0], [0.0, 0.0, 0.0, 4.1591, 0.0, 0.0], [0.0, 0.0, 0.0, 0.0, 15.3961, 0.0], [0.0, 0.0, 0.0, 0.0, 0.0, 13.7407]], "space group": "Cmcm"}, "IRR": {"crystal system": "hexagonal", "elastic tensor": [[52.3004, 26.0422, 31.8439, 0.0, 0.0, 0.0], [26.0422, 52.3004, 31.8439, 0.0, 0.0, 0.0], [31.8439, 31.8439, 72.3618, 0.0, 0.0, 0.0], [0.0, 0.0, 0.0, 10.1618, 0.0, 0.0], [0.0, 0.0, 0.0, 0.0, 10.1619, 0.0], [0.0, 0.0, 0.0, 0.0, 0.0, 13.1291]], "space group": "P6/mmm"}, "ISV": {"crystal system": "tetragonal", "elastic tensor": [[120.5294, 77.428, 55.7871, 0.0, 0.0, 0.0], [77.428, 120.5294, 55.7871, 0.0, 0.0, 0.0], [55.7871, 55.7871, 65.9326, 0.0, 0.0, 0.0], [0.0, 0.0, 0.0, 21.7687, 0.0, 0.0], [0.0, 0.0, 0.0, 0.0, 21.7687, 0.0], [0.0, 0.0, 0.0, 0.0, 0.0, 29.1303]], "space group": "P42/mmc"}, "ITE": {"crystal system": "orthorhombic", "elastic tensor": [[79.1084, 48.6338, 62.3985, 0.0, 0.0, 0.0], [48.6338, 127.2909, 56.385, 0.0, 0.0, 0.0], [62.3985, 56.385, 128.2338, 0.0, 0.0, 0.0], [0.0, 0.0, 0.0, 20.2158, 0.0, 0.0], [0.0, 0.0, 0.0, 0.0, 8.6596, 0.0], [0.0, 0.0, 0.0, 0.0, 0.0, 13.3513]], "space group": "Cmcm"}, "ITH": {"crystal system": "orthorhombic", "elastic tensor": [[61.9096, 52.6397, 38.2146, 0.0, 0.0, 0.0], [52.6397, 121.7677, 68.594, 0.0, 0.0, 0.0], [38.2146, 68.594, 79.1361, 0.0, 0.0, 0.0], [0.0, 0.0, 0.0, 27.6088, 0.0, 0.0], [0.0, 0.0, 0.0, 0.0, 19.873, 0.0], [0.0, 0.0, 0.0, 0.0, 0.0, 28.19]], "space group": "Amm2"}, "ITR": {"crystal system": "orthorhombic", "elastic tensor": [[115.5696, 61.0577, 46.1137, 0.0, 0.0, 0.0], [61.0577, 72.4777, 31.9668, 0.0, 0.0, 0.0], [46.1137, 31.9668, 56.6343, 0.0, 0.0, 0.0], [0.0, 0.0, 0.0, 19.6973, 0.0, 0.0], [0.0, 0.0, 0.0, 0.0, 28.7518, 0.0], [0.0, 0.0, 0.0, 0.0, 0.0, 27.7825]], "space group": "Cmcm"}, "ITW": {"crystal system": "monoclinic", "elastic tensor": [[85.5725, 65.3012, 59.634, 0.0, 13.0713, 0.0], [65.3012, 154.6631, 102.4576, 0.0, 18.4735, 0.0], [59.634, 102.4576, 91.8852, 0.0, 15.7397, 0.0], [0.0, 0.0, 0.0, -25.8342, 0.0, -21.7676], [13.0713, 18.4735, 15.7397, 0.0, 33.6666, 0.0], [0.0, 0.0, 0.0, -21.7676, 0.0, 26.2596]], "space group": "C1m1"}, "IWR": {"crystal system": "orthorhombic", "elastic tensor": [[77.0973, 61.6145, 49.8661, 0.0, 0.0, 0.0], [61.6145, 127.2333, 52.58, 0.0, 0.0, 0.0], [49.8661, 52.58, 69.2141, 0.0, 0.0, 0.0], [0.0, 0.0, 0.0, 24.1432, 0.0, 0.0], [0.0, 0.0, 0.0, 0.0, 35.4788, 0.0], [0.0, 0.0, 0.0, 0.0, 0.0, 23.8055]], "space group": "Cmmm"}, "IWS": {"crystal system": "tetragonal", "elastic tensor": [[73.0867, 53.5025, 50.0011, 0.0, 0.0, 0.0], [53.5025, 73.0867, 50.0011, 0.0, 0.0, 0.0], [50.0011, 50.0011, 94.6324, 0.0, 0.0, 0.0], [0.0, 0.0, 0.0, 21.3665, 0.0, 0.0], [0.0, 0.0, 0.0, 0.0, 21.3665, 0.0], [0.0, 0.0, 0.0, 0.0, 0.0, 19.8168]], "space group": "I4/mmm"}, "IWV": {"crystal system": "orthorhombic", "elastic tensor": [[106.3136, 66.5487, 52.5199, 0.0, -0.0007, 0.0], [66.5487, 101.0754, 42.3536, 0.0, -0.0013, 0.0], [52.5199, 42.3536, 140.2632, 0.0, -0.0007, 0.0], [0.0, 0.0, 0.0, 22.2691, 0.0, 0.0001], [-0.0007, -0.0013, -0.0007, 0.0, 86.8582, 0.0], [0.0, 0.0, 0.0, 0.0001, 0.0, 20.2012]], "space group": "Fmmm"}, "IWW": {"crystal system": "orthorhombic", "elastic tensor": [[107.6116, 70.1188, 48.0539, 0.0, 0.0, 0.0], [70.1188, 113.6287, 51.9405, 0.0, 0.0, 0.0], [48.0539, 51.9405, 67.7986, 0.0, 0.0, 0.0], [0.0, 0.0, 0.0, 23.5522, 0.0, 0.0], [0.0, 0.0, 0.0, 0.0, 8.2543, 0.0], [0.0, 0.0, 0.0, 0.0, 0.0, 24.3471]], "space group": "Pbam"}, "JBW": {"crystal system": "orthorhombic", "elastic tensor": [[228.2583, 74.4329, 126.4064, 0.0, 0.0, 0.0], [74.4329, 99.3512, 104.589, 0.0, 0.0, 0.0], [126.4064, 104.589, 193.3625, 0.0, 0.0, 0.0], [0.0, 0.0, 0.0, -34.6011, 0.0, 0.0], [0.0, 0.0, 0.0, 0.0, 41.1212, 0.0], [0.0, 0.0, 0.0, 0.0, 0.0, -4.3065]], "space group": "Pna21"}, "JRY": {"crystal system": "orthorhombic", "elastic tensor": [[137.2775, 60.1706, 76.4252, 0.0, 0.0, 0.0], [60.1706, 167.5406, 93.4546, 0.0, 0.0, 0.0], [76.4252, 93.4546, 132.6975, 0.0, 0.0, 0.0], [0.0, 0.0, 0.0, 1.533, 0.0, 0.0], [0.0, 0.0, 0.0, 0.0, 12.5843, 0.0], [0.0, 0.0, 0.0, 0.0, 0.0, 33.7387]], "space group": "P212121"}, "KFI": {"crystal system": "cubic", "elastic tensor": [[116.1796, 78.6713, 78.6713, 0.0, 0.0, 0.0], [78.6713, 116.1796, 78.6713, 0.0, 0.0, 0.0], [78.6713, 78.6713, 116.1796, 0.0, 0.0, 0.0], [0.0, 0.0, 0.0, 12.457, 0.0, 0.0], [0.0, 0.0, 0.0, 0.0, 12.457, 0.0], [0.0, 0.0, 0.0, 0.0, 0.0, 12.457]], "space group": "Im-3m"}, "LAU": {"crystal system": "monoclinic", "elastic tensor": [[101.7766, -0.9773, 25.0212, 0.0, 0.4164, 0.0], [-0.9773, 219.3678, 3.2407, 0.0, -7.9606, 0.0], [25.0212, 3.2407, 127.3062, 0.0, -15.7204, 0.0], [0.0, 0.0, 0.0, 35.9215, 0.0, 3.0215], [0.4164, -7.9606, -15.7204, 0.0, 32.5205, 0.0], [0.0, 0.0, 0.0, 3.0215, 0.0, 10.6845]], "space group": "Am"}, "LEV": {"crystal system": "trigonal", "elastic tensor": [[112.917, 78.0172, 89.8122, 1.7226, 0.0, 0.0], [78.0172, 112.917, 89.8122, -1.7226, 0.0, 0.0], [89.8122, 89.8122, 122.0933, 0.0, 0.0, 0.0], [1.7226, -1.7226, 0.0, 23.6828, 0.0, 0.0], [0.0, 0.0, 0.0, 0.0, 23.6828, 1.7226], [0.0, 0.0, 0.0, 0.0, 1.7226, 17.4499]], "space group": "R-3m"}, "LIO": {"crystal system": "hexagonal", "elastic tensor": [[149.289, 112.0578, 103.3482, 0.0, 0.0, 0.0], [112.0578, 149.289, 103.3482, 0.0, 0.0, 0.0], [103.3482, 103.3482, 179.8508, 0.0, 0.0, 0.0], [0.0, 0.0, 0.0, 14.0288, 0.0, 0.0], [0.0, 0.0, 0.0, 0.0, 14.0288, 0.0], [0.0, 0.0, 0.0, 0.0, 0.0, 18.6156]], "space group": "P-6"}, "LOS": {"crystal system": "hexagonal", "elastic tensor": [[149.0251, 110.9885, 105.4729, 0.0, 0.0, 0.0], [110.9885, 149.0251, 105.4729, 0.0, 0.0, 0.0], [105.4729, 105.4729, 177.5506, 0.0, 0.0, 0.0], [0.0, 0.0, 0.0, 16.5107, 0.0, 0.0], [0.0, 0.0, 0.0, 0.0, 16.5107, 0.0], [0.0, 0.0, 0.0, 0.0, 0.0, 19.0183]], "space group": "P63mc"}, "LOV": {"crystal system": "orthorhombic", "elastic tensor": [[169.6779, 94.3695, 59.0765, 0.0, 0.0, 0.0], [94.3695, 169.6779, 59.0765, 0.0, 0.0, 0.0], [59.0765, 59.0765, 96.4858, 0.0, 0.0, 0.0], [0.0, 0.0, 0.0, -157.8965, 0.0, 0.0], [0.0, 0.0, 0.0, 0.0, -157.8965, 0.0], [0.0, 0.0, 0.0, 0.0, 0.0, 5.1336]], "space group": "Pma2"}, "LTA": {"crystal system": "cubic", "elastic tensor": [[118.9282, 78.393, 78.393, 0.0, 0.0, 0.0], [78.393, 118.9282, 78.393, 0.0, 0.0, 0.0], [78.393, 78.393, 118.9282, 0.0, 0.0, 0.0], [0.0, 0.0, 0.0, 22.5993, 0.0, 0.0], [0.0, 0.0, 0.0, 0.0, 22.5993, 0.0], [0.0, 0.0, 0.0, 0.0, 0.0, 22.5993]], "space group": "Fm-3c"}, "LTF": {"crystal system": "hexagonal", "elastic tensor": [[85.4562, 62.3802, 47.496, 0.0, 0.0, 0.0], [62.3802, 85.4562, 47.496, 0.0, 0.0, 0.0], [47.496, 47.496, 99.7524, 0.0, 0.0, 0.0], [0.0, 0.0, 0.0, 14.1845, 0.0, 0.0], [0.0, 0.0, 0.0, 0.0, 14.1845, 0.0], [0.0, 0.0, 0.0, 0.0, 0.0, 11.538]], "space group": "P63/mmc"}, "LTL": {"crystal system": "hexagonal", "elastic tensor": [[80.7887, 71.7128, 38.4019, 0.0, 0.0, 0.0], [71.7128, 80.7887, 38.4019, 0.0, 0.0, 0.0], [38.4019, 38.4019, 52.4333, 0.0, 0.0, 0.0], [0.0, 0.0, 0.0, 12.4438, 0.0, 0.0], [0.0, 0.0, 0.0, 0.0, 12.4438, 0.0], [0.0, 0.0, 0.0, 0.0, 0.0, 4.5379]], "space group": "P6/mmm"}, "MAR": {"crystal system": "trigonal", "elastic tensor": [[150.128, 111.5661, 105.8032, 0.0, 0.0, 0.0], [111.5661, 150.128, 105.8032, 0.0, 0.0, 0.0], [105.8032, 105.8032, 162.8983, 0.0, 0.0, 0.0], [0.0, 0.0, 0.0, 20.2385, 0.0, 0.0], [0.0, 0.0, 0.0, 0.0, 20.2385, 0.0], [0.0, 0.0, 0.0, 0.0, 0.0, 19.281]], "space group": "P31c"}, "MAZ": {"crystal system": "hexagonal", "elastic tensor": [[110.2002, 94.8138, 61.9581, 0.0, 0.0, 0.0], [94.8138, 110.2002, 61.9581, 0.0, 0.0, 0.0], [61.9581, 61.9581, 125.6847, 0.0, 0.0, 0.0], [0.0, 0.0, 0.0, 12.6817, 0.0, 0.0], [0.0, 0.0, 0.0, 0.0, 12.6817, 0.0], [0.0, 0.0, 0.0, 0.0, 0.0, 7.6932]], "space group": "P63/mmc"}, "MEI": {"crystal system": "hexagonal", "elastic tensor": [[85.4685, 48.9591, 47.7, 0.0, 0.0, 0.0], [48.9591, 85.4685, 47.7, 0.0, 0.0, 0.0], [47.7, 47.7, 137.4782, 0.0, 0.0, 0.0], [0.0, 0.0, 0.0, 7.8468, 0.0, 0.0], [0.0, 0.0, 0.0, 0.0, 7.8468, 0.0], [0.0, 0.0, 0.0, 0.0, 0.0, 18.2547]], "space group": "P63/m"}, "MEL": {"crystal system": "tetragonal", "elastic tensor": [[92.926, 45.4194, 49.1837, 0.0, 0.0, 0.0], [45.4194, 92.926, 49.1837, 0.0, 0.0, 0.0], [49.1837, 49.1837, 123.0748, 0.0, 0.0, 0.0], [0.0, 0.0, 0.0, 16.4889, 0.0, 0.0], [0.0, 0.0, 0.0, 0.0, 16.4889, 0.0], [0.0, 0.0, 0.0, 0.0, 0.0, 20.052]], "space group": "I-4m2"}, "MEP": {"crystal system": "cubic", "elastic tensor": [[160.3651, 81.7943, 81.7943, 0.0, 0.0, 0.0], [81.7943, 160.3651, 81.7943, 0.0, 0.0, 0.0], [81.7943, 81.7943, 160.3651, 0.0, 0.0, 0.0], [0.0, 0.0, 0.0, 33.7358, 0.0, 0.0], [0.0, 0.0, 0.0, 0.0, 33.7358, 0.0], [0.0, 0.0, 0.0, 0.0, 0.0, 33.7358]], "space group": "Pm-3n"}, "MER": {"crystal system": "orthorhombic", "elastic tensor": [[201.0077, 100.8737, 3.3465, 0.0, 0.0, 0.0], [100.8737, 201.0077, 3.3465, 0.0, 0.0, 0.0], [3.3465, 3.3465, 36.5345, 0.0, 0.0, 0.0], [0.0, 0.0, 0.0, 21.4342, 0.0, 0.0], [0.0, 0.0, 0.0, 0.0, 21.4342, 0.0], [0.0, 0.0, 0.0, 0.0, 0.0, 6.1639]], "space group": "Immm"}, "MFI": {"crystal system": "orthorhombic", "elastic tensor": [[37.6028, 14.3632, -1.1858, 0.0, 0.0, 0.0], [14.3632, 81.7792, 25.1061, 0.0, 0.0, 0.0], [-1.1858, 25.1061, 81.173, 0.0, 0.0, 0.0], [0.0, 0.0, 0.0, 19.3111, 0.0, 0.0], [0.0, 0.0, 0.0, 0.0, 20.1813, 0.0], [0.0, 0.0, 0.0, 0.0, 0.0, 20.5523]], "space group": "Pnma"}, "MFS": {"crystal system": "orthorhombic", "elastic tensor": [[161.6635, 56.2292, 77.6634, 0.0, 0.0, 0.0], [56.2292, 117.8113, 63.5144, 0.0, 0.0, 0.0], [77.6634, 63.5144, 153.2061, 0.0, 0.0, 0.0], [0.0, 0.0, 0.0, 12.6333, 0.0, 0.0], [0.0, 0.0, 0.0, 0.0, 34.6089, 0.0], [0.0, 0.0, 0.0, 0.0, 0.0, 23.7976]], "space group": "Imm2"}, "MON": {"crystal system": "tetragonal", "elastic tensor": [[216.0322, 97.2614, 66.9496, 0.0, 0.0, 0.0], [97.2614, 216.0322, 66.9496, 0.0, 0.0, 0.0], [66.9496, 66.9496, 162.3669, 0.0, 0.0, 0.0], [0.0, 0.0, 0.0, 32.7504, 0.0, 0.0], [0.0, 0.0, 0.0, 0.0, 32.7504, 0.0], [0.0, 0.0, 0.0, 0.0, 0.0, 29.5182]], "space group": "I41/amd"}, "MOR": {"crystal system": "orthorhombic", "elastic tensor": [[151.2901, 76.6384, 87.6863, 0.0, 0.0, 0.0], [76.6384, 119.1732, 49.1435, 0.0, 0.0, 0.0], [87.6863, 49.1435, 211.7015, 0.0, 0.0, 0.0], [0.0, 0.0, 0.0, 25.232, 0.0, 0.0], [0.0, 0.0, 0.0, 0.0, 31.214, 0.0], [0.0, 0.0, 0.0, 0.0, 0.0, 21.0732]], "space group": "Cmcm"}, "MOZ": {"crystal system": "orthorhombic", "elastic tensor": [[80.7936, 65.7408, 41.8759, 0.0, 0.0, 0.0], [65.7408, 80.7936, 41.8759, 0.0, 0.0, 0.0], [41.8759, 41.8759, 57.3274, 0.0, 0.0, 0.0], [0.0, 0.0, 0.0, 14.2301, 0.0, 0.0], [0.0, 0.0, 0.0, 0.0, 14.2301, 0.0], [0.0, 0.0, 0.0, 0.0, 0.0, 7.5264]], "space group": "Imma"}, "MRE": {"crystal system": "orthorhombic", "elastic tensor": [[126.1291, 44.8399, 47.8005, 0.0, 0.0, 0.0], [44.8399, 102.0991, 40.6315, 0.0, 0.0, 0.0], [47.8005, 40.6315, 139.8986, 0.0, 0.0, 0.0], [0.0, 0.0, 0.0, -192.1708, 0.0, 0.0], [0.0, 0.0, 0.0, 0.0, 34.9369, 0.0], [0.0, 0.0, 0.0, 0.0, 0.0, 34.1493]], "space group": "Imma"}, "MSE": {"crystal system": "tetragonal", "elastic tensor": [[102.8926, 54.9389, 42.226, 0.0, -0.0004, 0.0], [54.9389, 102.8927, 42.226, 0.0, -0.0004, 0.0], [42.226, 42.226, 76.8238, 0.0, -0.0005, 0.0], [0.0, 0.0, 0.0, 32.7691, 0.0, 0.0], [-0.0004, -0.0004, -0.0005, 0.0, 32.7674, 0.0], [0.0, 0.0, 0.0, 0.0, 0.0, 19.8664]], "space group": "P42/mnm"}, "MSO": {"crystal system": "rhombohedral", "elastic tensor": [[114.1109, 39.9167, -5.9645, 8.4215, 0.0423, -0.0688], [39.9167, 114.1112, -6.0913, -8.4648, 0.1001, -0.0833], [-5.9645, -6.0913, 59.0506, -0.0803, 0.003, 0.0232], [8.4215, -8.4648, -0.0803, 9.6058, -0.0216, 0.0447], [0.0423, 0.1001, 0.003, -0.0216, 9.5678, 8.4284], [-0.0688, -0.0833, 0.0232, 0.0447, 8.4284, 37.1339]], "space group": "R-3m"}, "MTF": {"crystal system": "monoclinic", "elastic tensor": [[118.4403, 78.4227, 47.5201, 0.0, 15.2626, 0.0], [78.4227, 126.5737, 37.0803, 0.0, 7.4549, 0.0], [47.5201, 37.0803, 131.208, 0.0, 14.8057, 0.0], [0.0, 0.0, 0.0, -1.0598, 0.0, -36.4571], [15.2626, 7.4549, 14.8057, 0.0, 27.6049, 0.0], [0.0, 0.0, 0.0, -36.4571, 0.0, -53.3935]], "space group": "C12/m1"}, "MTN": {"crystal system": "cubic", "elastic tensor": [[201.1076, 118.2745, 118.2745, 0.0, 0.0, 0.0], [118.2745, 201.1076, 118.2745, 0.0, 0.0, 0.0], [118.2745, 118.2745, 201.1076, 0.0, 0.0, 0.0], [0.0, 0.0, 0.0, 40.3358, 0.0, 0.0], [0.0, 0.0, 0.0, 0.0, 40.3358, 0.0], [0.0, 0.0, 0.0, 0.0, 0.0, 40.3358]], "space group": "Fd-3m"}, "MTT": {"crystal system": "orthorhombic", "elastic tensor": [[193.6977, 60.4907, 82.164, 0.0, 0.0, 0.0], [60.4907, 121.3856, 39.618, 0.0, 0.0, 0.0], [82.164, 39.618, 170.8939, 0.0, 0.0, 0.0], [0.0, 0.0, 0.0, 42.1696, 0.0, 0.0], [0.0, 0.0, 0.0, 0.0, 51.4333, 0.0], [0.0, 0.0, 0.0, 0.0, 0.0, 161.5889]], "space group": "Pmn21"}, "MTW": {"crystal system": "monoclinic", "elastic tensor": [[127.9454, 90.0543, 39.0289, 0.0, -4.3559, 0.0], [90.0543, 208.8462, 36.5282, 0.0, 12.3417, 0.0], [39.0289, 36.5282, 41.8013, 0.0, 2.1963, 0.0], [0.0, 0.0, 0.0, 2.4334, 0.0, 18.9022], [-4.3559, 12.3417, 2.1963, 0.0, 36.2109, 0.0], [0.0, 0.0, 0.0, 18.9022, 0.0, 23.3876]], "space group": "C12/c1"}, "MVY": {"crystal system": "orthorhombic", "elastic tensor": [[178.2719, 18.0203, 79.808, 0.0, 0.0, 0.0], [18.0203, 39.5736, 43.0057, 0.0, 0.0, 0.0], [79.808, 43.0057, 197.6316, 0.0, 0.0, 0.0], [0.0, 0.0, 0.0, 29.918, 0.0, 0.0], [0.0, 0.0, 0.0, 0.0, 62.0304, 0.0], [0.0, 0.0, 0.0, 0.0, 0.0, 49.0639]], "space group": "Pmn21"}, "MWW": {"crystal system": "hexagonal", "elastic tensor": [[140.3175, 76.8188, 57.7871, 0.0, 0.0, -0.0001], [76.8188, 140.3172, 57.7871, 0.0, 0.0, -0.0001], [57.7871, 57.7871, 102.6817, 0.0, 0.0, 0.0], [0.0, 0.0, 0.0, 11.2561, 0.0, 0.0], [0.0, 0.0, 0.0, 0.0, 11.2562, 0.0], [-0.0001, -0.0001, 0.0, 0.0, 0.0, 31.7493]], "space group": "P6/mmm"}, "NAB": {"crystal system": "orthorhombic", "elastic tensor": [[150.3348, 82.9284, 50.0823, 0.0, 0.0, 0.0], [82.9284, 150.3348, 50.0823, 0.0, 0.0, 0.0], [50.0823, 50.0823, 121.9144, 0.0, 0.0, 0.0], [0.0, 0.0, 0.0, 34.1316, 0.0, 0.0], [0.0, 0.0, 0.0, 0.0, 34.1316, 0.0], [0.0, 0.0, 0.0, 0.0, 0.0, 19.6146]], "space group": "P212121"}, "NAT": {"crystal system": "orthorhombic", "elastic tensor": [[190.8206, 63.552, 70.9002, 0.0, 0.0, 0.0], [63.552, 190.8206, 70.9002, 0.0, 0.0, 0.0], [70.9002, 70.9002, 155.1019, 0.0, 0.0, 0.0], [0.0, 0.0, 0.0, 5.0634, 0.0, 0.0], [0.0, 0.0, 0.0, 0.0, 5.0634, 0.0], [0.0, 0.0, 0.0, 0.0, 0.0, 9.0644]], "space group": "Fdd2"}, "NES": {"crystal system": "monoclinic", "elastic tensor": [[144.1286, 64.4634, 84.8793, 0.0, 0.0, 0.0], [64.4634, 186.4142, 69.1665, 0.0, 0.0, 0.0], [84.8793, 69.1665, 118.2839, 0.0, 0.0, 0.0], [0.0, 0.0, 0.0, 262.1245, 0.0, 0.0], [0.0, 0.0, 0.0, 0.0, 17.9816, 0.0], [0.0, 0.0, 0.0, 0.0, 0.0, 30.787]], "space group": "P121/c1"}, "NON": {"crystal system": "orthorhombic", "elastic tensor": [[168.7662, 103.4854, 99.4486, 0.0, 0.0, 0.0], [103.4854, 200.9654, 105.0015, 0.0, 0.0, 0.0], [99.4486, 105.0015, 201.0887, 0.0, 0.0, 0.0], [0.0, 0.0, 0.0, 35.8756, 0.0, 0.0], [0.0, 0.0, 0.0, 0.0, 41.1021, 0.0], [0.0, 0.0, 0.0, 0.0, 0.0, 28.8171]], "space group": "Fmmm"}, "NPO": {"crystal system": "orthorhombic", "elastic tensor": [[127.5141, 16.4272, 61.9184, 0.0, 0.0, 0.0], [16.4272, 127.5141, 61.9184, 0.0, 0.0, 0.0], [61.9184, 61.9184, 314.479, 0.0, 0.0, 0.0], [0.0, 0.0, 0.0, -5.0282, 0.0, 0.0], [0.0, 0.0, 0.0, 0.0, -5.0282, 0.0