{"ABW": {"crystal system": "orthorhombic", "elastic tensor": [[66.2591, 58.2269, 97.1086, 0.0, 0.0, 0.0], [58.2269, 207.5775, 114.6567, 0.0, 0.0, 0.0], [97.1086, 114.6567, 212.4016, 0.0, 0.0, 0.0], [0.0, 0.0, 0.0, 25.9633, 0.0, 0.0], [0.0, 0.0, 0.0, 0.0, 50.2548, 0.0], [0.0, 0.0, 0.0, 0.0, 0.0, -11.384]], "space group": "Pna21"}, "ACO": {"crystal system": "tetragonal", "elastic tensor": [[124.4486, 102.7074, 102.7074, 0.0, 0.0, 0.0], [102.7074, 124.4486, 102.7074, 0.0, 0.0, 0.0], [102.7074, 102.7074, 124.4486, 0.0, 0.0, 0.0], [0.0, 0.0, 0.0, 42.3358, 0.0, 0.0], [0.0, 0.0, 0.0, 0.0, 42.3358, 0.0], [0.0, 0.0, 0.0, 0.0, 0.0, 42.3358]], "space group": "I-42m"}, "AEI": {"crystal system": "monoclinic", "elastic tensor": [[118.1614, 72.2261, 60.1085, 0.0, 0.0, 0.0], [72.2261, 95.76, 46.6953, 0.0, 0.0, 0.0], [60.1085, 46.6953, 111.4653, 0.0, 0.0, 0.0], [0.0, 0.0, 0.0, 14.2938, 0.0, 0.0], [0.0, 0.0, 0.0, 0.0, 20.5788, 0.0], [0.0, 0.0, 0.0, 0.0, 0.0, 33.9273]], "space group": "C12/c1"}, "AEL": {"crystal system": "orthorhombic", "elastic tensor": [[110.7323, 9.5396, 10.1478, 0.0, 0.0, 0.0], [9.5396, 123.755, 41.1928, 0.0, 0.0, 0.0], [10.1478, 41.1928, 112.7589, -0.0001, 0.0, 0.0], [0.0, 0.0, -0.0001, 23.2825, 0.0, 0.0], [0.0, 0.0, 0.0, 0.0, 37.7167, 0.0], [0.0, 0.0, 0.0, 0.0, 0.0, 33.2126]], "space group": "Ibm2"}, "AEN": {"crystal system": "orthorhombic", "elastic tensor": [[125.2132, 77.7467, 65.9381, 0.0, 0.0, 0.0], [77.7467, 134.2424, 41.2816, 0.0, 0.0, 0.0], [65.9381, 41.2816, 166.7846, 0.0, 0.0, 0.0], [0.0, 0.0, 0.0, 34.6922, 0.0, 0.0], [0.0, 0.0, 0.0, 0.0, 26.5494, 0.0], [0.0, 0.0, 0.0, 0.0, 0.0, 37.4103]], "space group": "P212121"}, "AET": {"crystal system": "orthorhombic", "elastic tensor": [[63.7067, 38.8103, 4.6374, 0.0, 0.0, 0.0], [38.8103, 105.6293, 15.7482, 0.0, 0.0, 0.0], [4.6374, 15.7482, 99.0556, 0.0, 0.0, 0.0], [0.0, 0.0, 0.0, 29.0842, 0.0, 0.0], [0.0, 0.0, 0.0, 0.0, 30.2616, 0.0], [0.0, 0.0, 0.0, 0.0, 0.0, 8.1002]], "space group": "Cmc21"}, "AFG": {"crystal system": "hexagonal", "elastic tensor": [[127.0123, 87.9733, 90.8841, 0.0, 0.0, 0.0], [87.9733, 127.0123, 90.8841, 0.0, 0.0, 0.0], [90.8841, 90.8841, 183.1865, 0.0, 0.0, 0.0], [0.0, 0.0, 0.0, 19.6929, 0.0, 0.0], [0.0, 0.0, 0.0, 0.0, 19.6929, 0.0], [0.0, 0.0, 0.0, 0.0, 0.0, 19.5195]], "space group": "P63mc"}, "AFI": {"crystal system": "hexagonal", "elastic tensor": [[124.7178, 73.0194, 61.5004, 0.0, 0.0, 0.0], [73.0194, 124.7178, 61.5004, 0.0, 0.0, 0.0], [61.5004, 61.5004, 217.7714, 0.0, 0.0, 0.0], [0.0, 0.0, 0.0, 37.1131, 0.0, 0.0], [0.0, 0.0, 0.0, 0.0, 37.1131, 0.0], [0.0, 0.0, 0.0, 0.0, 0.0, 25.8492]], "space group": "P6cc"}, "AFN": {"crystal system": "triclinic", "elastic tensor": [[96.6396, 20.6029, 36.8872, 0.0, 35.0936, 0.0], [20.6029, 106.1471, 33.6925, 0.0, 11.535, 0.0], [36.8872, 33.6925, 64.1465, 0.0, 21.2408, 0.0], [0.0, 0.0, 0.0, 19.1244, 0.0, 2.3655], [35.0936, 11.535, 21.2408, 0.0, 31.5247, 0.0], [0.0, 0.0, 0.0, 2.3655, 0.0, 16.5588]], "space group": "P-1"}, "AFO": {"crystal system": "monoclinic", "elastic tensor": [[165.5489, 55.0095, 25.5192, 0.0, 0.0, 0.0], [55.0095, 117.3375, 9.4555, 0.0, 0.0, 0.0], [25.5192, 9.4555, 120.0983, 0.0, 0.0, 0.0], [0.0, 0.0, 0.0, 31.9419, 0.0, 0.0], [0.0, 0.0, 0.0, 0.0, 34.6814, 0.0], [0.0, 0.0, 0.0, 0.0, 0.0, 10.2881]], "space group": "P1121"}, "AFR": {"crystal system": "orthorhombic", "elastic tensor": [[83.6649, 47.0831, 35.4434, 0.0, 0.0, 0.0], [47.0831, 92.54, 40.8297, 0.0, 0.0, 0.0], [35.4434, 40.8297, 88.4621, 0.0, 0.0, 0.0], [0.0, 0.0, 0.0, 17.9668, 0.0, 0.0], [0.0, 0.0, 0.0, 0.0, 10.7187, 0.0], [0.0, 0.0, 0.0, 0.0, 0.0, 24.153]], "space group": "Pccn"}, "AFS": {"crystal system": "trigonal", "elastic tensor": [[89.3203, 51.2286, 54.7535, 0.0, 0.0, 0.0], [51.2286, 89.3203, 54.7535, 0.0, 0.0, 0.0], [54.7535, 54.7535, 117.0094, 0.0, 0.0, 0.0], [0.0, 0.0, 0.0, 13.7895, 0.0, 0.0], [0.0, 0.0, 0.0, 0.0, 13.7895, 0.0], [0.0, 0.0, 0.0, 0.0, 0.0, 19.0458]], "space group": "P3c1"}, "AFT": {"crystal system": "trigonal", "elastic tensor": [[120.0989, 70.6138, 62.6735, 0.0, 0.0, 0.0], [70.6138, 120.0989, 62.6735, 0.0, 0.0, 0.0], [62.6735, 62.6735, 67.0091, 0.0, 0.0, 0.0], [0.0, 0.0, 0.0, 28.4142, 0.0, 0.0], [0.0, 0.0, 0.0, 0.0, 28.4142, 0.0], [0.0, 0.0, 0.0, 0.0, 0.0, 24.7426]], "space group": "P-31c"}, "AFX": {"crystal system": "trigonal", "elastic tensor": [[120.2266, 70.3223, 62.0696, 0.0, 0.0, 0.0], [70.3223, 120.2266, 62.0696, 0.0, 0.0, 0.0], [62.0696, 62.0696, 65.7598, 0.0, 0.0, 0.0], [0.0, 0.0, 0.0, 28.7618, 0.0, 0.0], [0.0, 0.0, 0.0, 0.0, 28.7618, 0.0], [0.0, 0.0, 0.0, 0.0, 0.0, 24.9522]], "space group": "P-31c"}, "AFY": {"crystal system": "trigonal", "elastic tensor": [[71.4753, 41.4696, 36.883, 0.0, 2.4911, 0.0], [41.4696, 71.4753, 36.883, 0.0, -2.4911, 0.0], [36.883, 36.883, 110.435, 0.0, 0.0, 0.0], [0.0, 0.0, 0.0, 12.0659, 0.0, -2.4911], [2.4911, -2.4911, 0.0, 0.0, 12.0659, 0.0], [0.0, 0.0, 0.0, -2.4911, 0.0, 15.0029]], "space group": "P-3"}, "AHT": {"crystal system": "monoclinic", "elastic tensor": [[236.6039, 67.4789, 98.065, 0.0, 0.0, 0.0], [67.4789, 53.364, 42.2833, 0.0, 0.0, 0.0], [98.065, 42.2833, 239.8492, 0.0, 0.0, 0.0], [0.0, 0.0, 0.0, 27.4468, 0.0, 0.0], [0.0, 0.0, 0.0, 0.0, 42.1287, 0.0], [0.0, 0.0, 0.0, 0.0, 0.0, 22.2095]], "space group": "P1121"}, "ANA": {"crystal system": "cubic", "elastic tensor": [[174.485, 75.0441, 75.0441, 0.0, 0.0, 0.0], [75.0441, 174.485, 75.0441, 0.0, 0.0, 0.0], [75.0441, 75.0441, 174.485, 0.0, 0.0, 0.0], [0.0, 0.0, 0.0, 34.4143, 0.0, 0.0], [0.0, 0.0, 0.0, 0.0, 34.4143, 0.0], [0.0, 0.0, 0.0, 0.0, 0.0, 34.4143]], "space group": "Ia-3d"}, "APC": {"crystal system": "orthorhombic", "elastic tensor": [[77.9813, 46.721, 79.0362, 0.0, 0.0, 0.0], [46.721, 74.8706, 96.5535, 0.0, 0.0, 0.0], [79.0362, 96.5535, 212.9865, 0.0, 0.0, 0.0], [0.0, 0.0, 0.0, 43.4995, 0.0, 0.0], [0.0, 0.0, 0.0, 0.0, 41.2309, 0.0], [0.0, 0.0, 0.0, 0.0, 0.0, 21.7585]], "space group": "Pbca"}, "APD": {"crystal system": "orthorhombic", "elastic tensor": [[171.5787, 83.357, 83.186, 0.0, 0.0, 0.0], [83.357, 147.9169, 128.5777, 0.0, 0.0, 0.0], [83.186, 128.5777, 155.5638, 0.0, 0.0, 0.0], [0.0, 0.0, 0.0, 46.6025, 0.0, 0.0], [0.0, 0.0, 0.0, 0.0, 36.6672, 0.0], [0.0, 0.0, 0.0, 0.0, 0.0, 35.3229]], "space group": "Pca21"}, "AST": {"crystal system": "cubic", "elastic tensor": [[125.8257, 101.7293, 101.7293, 0.0, 0.0, 0.0], [101.7293, 125.8257, 101.7293, 0.0, 0.0, 0.0], [101.7293, 101.7293, 125.8257, 0.0, 0.0, 0.0], [0.0, 0.0, 0.0, 36.4356, 0.0, 0.0], [0.0, 0.0, 0.0, 0.0, 36.4356, 0.0], [0.0, 0.0, 0.0, 0.0, 0.0, 36.4356]], "space group": "F23"}, "ASV": {"crystal system": "tetragonal", "elastic tensor": [[87.6474, 5.4783, 54.3512, 0.0, 0.0, 0.0], [5.4783, 87.6474, 54.3512, 0.0, 0.0, 0.0], [54.3512, 54.3512, 123.4863, 0.0, 0.0, 0.0], [0.0, 0.0, 0.0, 41.8542, 0.0, 0.0], [0.0, 0.0, 0.0, 0.0, 41.8542, 0.0], [0.0, 0.0, 0.0, 0.0, 0.0, 8.1497]], "space group": "P4/mcc"}, "ATN": {"crystal system": "tetragonal", "elastic tensor": [[141.6979, 50.0033, 51.9888, 0.0, 0.0, 0.0], [50.0033, 141.6979, 51.9888, 0.0, 0.0, 0.0], [51.9888, 51.9888, 171.5346, 0.0, 0.0, 0.0], [0.0, 0.0, 0.0, 126.9143, 0.0, 0.0], [0.0, 0.0, 0.0, 0.0, 126.9143, 0.0], [0.0, 0.0, 0.0, 0.0, 0.0, 9.5227]], "space group": "I4/m"}, "ATO": {"crystal system": "trigonal", "elastic tensor": [[75.2219, 36.4452, 10.0115, 9.3728, 2.5573, 3.4905], [36.4452, 89.2255, 19.088, -2.4103, -11.0497, 6.3852], [10.0115, 19.088, 92.7872, 4.3569, -5.6428, 6.265], [9.3728, -2.4103, 4.3569, 31.0515, -1.4092, -4.2568], [2.5573, -11.0497, -5.6428, -1.4092, 32.0226, 6.0729], [3.4905, 6.3852, 6.265, -4.2568, 6.0729, 22.6386]], "space group": "R-3"}, "ATS": {"crystal system": "monoclinic", "elastic tensor": [[117.4486, 59.8752, 42.6305, 0.0, 0.0, 0.0], [59.8752, 150.8118, 61.4726, 0.0, 0.0, 0.0], [42.6305, 61.4726, 156.7098, 0.0, 0.0, 0.0], [0.0, 0.0, 0.0, 22.3745, 0.0, 0.0], [0.0, 0.0, 0.0, 0.0, 67.686, 0.0], [0.0, 0.0, 0.0, 0.0, 0.0, 20.3914]], "space group": "C12/c1"}, "ATT": {"crystal system": "orthorhombic", "elastic tensor": [[79.769, 56.6943, 92.5356, 0.0, 0.0, 0.0], [56.6943, 112.231, 88.7393, 0.0, 0.0, 0.0], [92.5356, 88.7393, 171.9248, 0.0, 0.0, 0.0], [0.0, 0.0, 0.0, 22.0507, 0.0, 0.0], [0.0, 0.0, 0.0, 0.0, 43.3988, 0.0], [0.0, 0.0, 0.0, 0.0, 0.0, 19.4799]], "space group": "P21212"}, "ATV": {"crystal system": "orthorhombic", "elastic tensor": [[248.6519, 73.8455, 84.5893, 0.0, 0.0, 0.0], [73.8455, 136.0579, 113.1814, 0.0, 0.0, 0.0], [84.5893, 113.1814, 186.6558, 0.0, 0.0, 0.0], [0.0, 0.0, 0.0, -22.8165, 0.0, 0.0], [0.0, 0.0, 0.0, 0.0, 39.3756, 0.0], [0.0, 0.0, 0.0, 0.0, 0.0, 39.5725]], "space group": "Aemm"}, "AWO": {"crystal system": "monoclinic", "elastic tensor": [[72.8037, 51.7029, 66.2391, 0.0, 0.0, 0.0], [51.7029, 99.5565, 80.0008, 0.0, 0.0, 0.0], [66.2391, 80.0008, 166.7709, 0.0, 0.0, 0.0], [0.0, 0.0, 0.0, 22.4422, 0.0, 0.0], [0.0, 0.0, 0.0, 0.0, 32.0307, 0.0], [0.0, 0.0, 0.0, 0.0, 0.0, 9.7997]], "space group": "P121/a1"}, "AWW": {"crystal system": "tetragonal", "elastic tensor": [[86.12, 42.0224, 49.3675, 0.0, 0.0, 0.0], [42.0224, 86.12, 49.3675, 0.0, 0.0, 0.0], [49.3675, 49.3675, 106.85, 0.0, 0.0, 0.0], [0.0, 0.0, 0.0, 27.616, 0.0, 0.0], [0.0, 0.0, 0.0, 0.0, 27.616, 0.0], [0.0, 0.0, 0.0, 0.0, 0.0, 19.1372]], "space group": "P4/ncc"}, "BCT": {"crystal system": "tetragonal", "elastic tensor": [[156.1367, 134.6224, 117.8668, 0.0, 0.0, 0.0], [134.6224, 156.1367, 117.8668, 0.0, 0.0, 0.0], [117.8668, 117.8668, 251.881, 0.0, 0.0, 0.0], [0.0, 0.0, 0.0, 49.5494, 0.0, 0.0], [0.0, 0.0, 0.0, 0.0, 49.5494, 0.0], [0.0, 0.0, 0.0, 0.0, 0.0, 40.3231]], "space group": "I4mm"}, "BEA": {"crystal system": "tetragonal", "elastic tensor": [[91.1101, 36.6138, 55.3161, 0.0, 0.0, 0.0], [36.6138, 91.1101, 55.3161, 0.0, 0.0, 0.0], [55.3161, 55.3161, 100.1425, 0.0, 0.0, 0.0], [0.0, 0.0, 0.0, 14.1774, 0.0, 0.0], [0.0, 0.0, 0.0, 0.0, 14.1774, 0.0], [0.0, 0.0, 0.0, 0.0, 0.0, 16.6607]], "space group": "P4122"}, "BEC": {"crystal system": "tetragonal", "elastic tensor": [[82.306, 35.3937, 50.2572, 0.0, 0.0, 0.0], [35.3937, 82.306, 50.2572, 0.0, 0.0, 0.0], [50.2572, 50.2572, 102.7138, 0.0, 0.0, 0.0], [0.0, 0.0, 0.0, 28.9051, 0.0, 0.0], [0.0, 0.0, 0.0, 0.0, 28.9051, 0.0], [0.0, 0.0, 0.0, 0.0, 0.0, 18.0509]], "space group": "I41/amd"}, "BIK": {"crystal system": "triclinic", "elastic tensor": [[234.0056, 101.9019, 66.4676, 0.0, 0.0, 0.0], [101.9019, 176.7035, 106.4195, 0.0, 0.0, 0.0], [66.4676, 106.4195, 212.4604, 0.0, 0.0, 0.0], [0.0, 0.0, 0.0, 58.0781, 0.0, 0.0], [0.0, 0.0, 0.0, 0.0, 30.7474, 0.0], [0.0, 0.0, 0.0, 0.0, 0.0, 60.1524]], "space group": "P1"}, "BOF": {"crystal system": "orthorhombic", "elastic tensor": [[126.4194, 29.8151, 55.5832, 0.0, 0.0, 0.0], [29.8151, 71.9386, 45.4989, 0.0, 0.0, 0.0], [55.5832, 45.4989, 77.4203, 0.0, 0.0, 0.0], [0.0, 0.0, 0.0, 33.7355, 0.0, 0.0], [0.0, 0.0, 0.0, 0.0, 20.1933, 0.0], [0.0, 0.0, 0.0, 0.0, 0.0, 22.3429]], "space group": "Pnma"}, "BOG": {"crystal system": "orthorhombic", "elastic tensor": [[138.9505, 35.3701, 52.5707, 0.0, 0.0, 0.0], [35.3701, 90.3385, 43.208, 0.0, 0.0, 0.0], [52.5707, 43.208, 79.0788, 0.0, 0.0, 0.0], [0.0, 0.0, 0.0, 29.0777, 0.0, 0.0], [0.0, 0.0, 0.0, 0.0, 18.2668, 0.0], [0.0, 0.0, 0.0, 0.0, 0.0, 19.0001]], "space group": "Imma"}, "BPH": {"crystal system": "trigonal", "elastic tensor": [[89.7527, 51.8147, 55.0109, 0.0, 0.0, 0.0], [51.8147, 89.7527, 55.0109, 0.0, 0.0, 0.0], [55.0109, 55.0109, 116.3216, 0.0, 0.0, 0.0], [0.0, 0.0, 0.0, 13.7086, 0.0, 0.0], [0.0, 0.0, 0.0, 0.0, 13.7086, 0.0], [0.0, 0.0, 0.0, 0.0, 0.0, 18.969]], "space group": "P321"}, "BRE": {"crystal system": "monoclinic", "elastic tensor": [[119.187, 33.8533, 30.011, 0.0, 9.4427, 0.0], [33.8533, 91.9438, 37.2114, 0.0, 4.3212, 0.0], [30.011, 37.2114, 105.1526, 0.0, -4.7471, 0.0], [0.0, 0.0, 0.0, 10.0798, 0.0, -4.3922], [9.4427, 4.3212, -4.7471, 0.0, 26.8562, 0.0], [0.0, 0.0, 0.0, -4.3922, 0.0, 14.8731]], "space group": "P121/m1"}, "BSV": {"crystal system": "cubic", "elastic tensor": [[110.0086, 65.095, 65.095, 0.0, 0.0, 0.0], [65.095, 110.0086, 65.095, 0.0, 0.0, 0.0], [65.095, 65.095, 110.0086, 0.0, 0.0, 0.0], [0.0, 0.0, 0.0, 34.2834, 0.0, 0.0], [0.0, 0.0, 0.0, 0.0, 34.2834, 0.0], [0.0, 0.0, 0.0, 0.0, 0.0, 34.2834]], "space group": "Ia-3d"}, "CAN": {"crystal system": "hexagonal", "elastic tensor": [[139.9091, 96.3595, 81.786, 0.0, 0.0, 0.0], [96.3595, 139.9091, 81.786, 0.0, 0.0, 0.0], [81.786, 81.786, 193.1271, 0.0, 0.0, 0.0], [0.0, 0.0, 0.0, 12.8247, 0.0, 0.0], [0.0, 0.0, 0.0, 0.0, 12.8247, 0.0], [0.0, 0.0, 0.0, 0.0, 0.0, 21.7748]], "space group": "P63"}, "CAS": {"crystal system": "orthorhombic", "elastic tensor": [[206.4157, 89.9163, 88.601, 0.0, 0.0, 0.0], [89.9163, 229.3633, 86.359, 0.0, 0.0, 0.0], [88.601, 86.359, 173.2495, 0.0, 0.0, 0.0], [0.0, 0.0, 0.0, 37.1559, 0.0, 0.0], [0.0, 0.0, 0.0, 0.0, 38.3935, 0.0], [0.0, 0.0, 0.0, 0.0, 0.0, 38.8429]], "space group": "Ama2"}, "CDO": {"crystal system": "orthorhombic", "elastic tensor": [[202.0506, 66.4393, 55.1212, 0.0, 0.0, 0.0], [66.4393, 138.4453, 68.2797, 0.0, 0.0, 0.0], [55.1212, 68.2797, 182.2633, 0.0, 0.0, 0.0], [0.0, 0.0, 0.0, 26.8337, 0.0, 0.0], [0.0, 0.0, 0.0, 0.0, 31.7925, 0.0], [0.0, 0.0, 0.0, 0.0, 0.0, 27.7896]], "space group": "Pnma"}, "CFI": {"crystal system": "orthorhombic", "elastic tensor": [[149.0676, 61.7552, 63.3887, 0.0, 0.0, 0.0], [61.7552, 187.6305, 79.1236, 0.0, 0.0, 0.0], [63.3887, 79.1236, 134.1261, 0.0, 0.0, 0.0], [0.0, 0.0, 0.0, 18.1416, 0.0, 0.0], [0.0, 0.0, 0.0, 0.0, 36.2722, 0.0], [0.0, 0.0, 0.0, 0.0, 0.0, 40.6175]], "space group": "Pmn21"}, "CGF": {"crystal system": "monoclinic", "elastic tensor": [[68.7077, -16.1222, 16.3658, 0.0, 6.9121, 0.0], [-16.1222, 44.3602, 13.8004, 0.0, -16.0387, 0.0], [16.3658, 13.8004, 80.1691, 0.0, -0.4224, 0.0], [0.0, 0.0, 0.0, 14.6001, 0.0, -4.6015], [6.9121, -16.0387, -0.4224, 0.0, 40.7199, 0.0], [0.0, 0.0, 0.0, -4.6015, 0.0, 11.3713]], "space group": "I12/a1"}, "CGS": {"crystal system": "monoclinic", "elastic tensor": [[85.7798, 10.013, 29.7936, 0.0, 0.0, 0.0], [10.013, 43.9944, 19.5286, 0.0, 0.0, 0.0], [29.7936, 19.5286, 73.5994, 0.0, 0.0, 0.0], [0.0, 0.0, 0.0, 19.558, 0.0, 0.0], [0.0, 0.0, 0.0, 0.0, 19.0385, 0.0], [0.0, 0.0, 0.0, 0.0, 0.0, 13.8926]], "space group": "P121/c1"}, "CHA": {"crystal system": "rhombohedral", "elastic tensor": [[121.0502, 70.0455, 63.9104, 6.0763, 0.0, 0.0], [70.0455, 121.0502, 63.9104, -6.0763, 0.0, 0.0], [63.9104, 63.9104, 69.6041, 0.0, 0.0, 0.0], [6.0763, -6.0763, 0.0, 27.7595, 0.0, 0.0], [0.0, 0.0, 0.0, 0.0, 27.7595, 6.0763], [0.0, 0.0, 0.0, 0.0, 6.0763, 25.5024]], "space group": "R-3m"}, "CON": {"crystal system": "monoclinic", "elastic tensor": [[52.1434, 39.7457, 30.9881, 0.0, -3.5144, 0.0], [39.7457, 107.9335, 41.0123, 0.0, -6.9572, 0.0], [30.9881, 41.0123, 95.8286, 0.0, -13.1244, 0.0], [0.0, 0.0, 0.0, 23.9137, 0.0, -0.4169], [-3.5144, -6.9572, -13.1244, 0.0, 27.8571, 0.0], [0.0, 0.0, 0.0, -0.4169, 0.0, 24.483]], "space group": "C12/m1"}, "CZP": {"crystal system": "hexagonal", "elastic tensor": [[65.9215, 18.7969, 44.673, 0.0, 0.0, 0.0], [18.7969, 65.9215, 44.673, 0.0, 0.0, 0.0], [44.673, 44.673, 184.1349, 0.0, 0.0, 0.0], [0.0, 0.0, 0.0, 38.7156, 0.0, 0.0], [0.0, 0.0, 0.0, 0.0, 38.7156, 0.0], [0.0, 0.0, 0.0, 0.0, 0.0, 23.5623]], "space group": "P6122"}, "DAC": {"crystal system": "monoclinic", "elastic tensor": [[152.516, 83.9016, 68.2688, 0.0, 1.3274, 0.0], [83.9016, 211.1742, 42.2756, 0.0, 8.0192, 0.0], [68.2688, 42.2756, 114.5258, 0.0, -8.5199, 0.0], [0.0, 0.0, 0.0, 22.1302, 0.0, -1.8314], [1.3274, 8.0192, -8.5199, 0.0, 28.3366, 0.0], [0.0, 0.0, 0.0, -1.8314, 0.0, 37.2406]], "space group": "C12/m1"}, "DFO": {"crystal system": "hexagonal", "elastic tensor": [[102.0853, 54.0592, 39.4948, 0.0, -0.0001, 0.0001], [54.0592, 102.0857, 39.495, 0.0, -0.0001, 0.0003], [39.4948, 39.495, 87.2473, 0.0, -0.0001, 0.0002], [0.0, 0.0, 0.0, 18.6498, 0.0001, 0.0], [-0.0001, -0.0001, -0.0001, 0.0001, 18.6498, 0.0], [0.0001, 0.0003, 0.0002, 0.0, 0.0, 24.0133]], "space group": "P6/mmm"}, "DFT": {"crystal system": "monoclinic", "elastic tensor": [[193.9763, 98.1101, 61.2922, 0.0, 0.0, 0.0], [98.1101, 193.9763, 61.2922, 0.0, 0.0, 0.0], [61.2922, 61.2922, 92.5062, 0.0, 0.0, 0.0], [0.0, 0.0, 0.0, -5.5861, 0.0, 0.0], [0.0, 0.0, 0.0, 0.0, -5.5861, 0.0], [0.0, 0.0, 0.0, 0.0, 0.0, 11.9684]], "space group": "I112/b"}, "DOH": {"crystal system": "hexagonal", "elastic tensor": [[85.8313, 8.8355, 30.0213, 0.1037, 0.009, -0.0705], [8.8355, 85.444, 28.5784, 0.1573, -0.0276, -0.0529], [30.0213, 28.5784, 70.6738, -0.0777, -0.0075, -0.9025], [0.1037, 0.1573, -0.0777, 33.705, 0.0062, 0.0695], [0.009, -0.0276, -0.0075, 0.0062, 33.8551, 0.0618], [-0.0705, -0.0529, -0.9025, 0.0695, 0.0618, 38.0336]], "space group": "P6/mmm"}, "DON": {"crystal system": "monoclinic", "elastic tensor": [[109.922, 60.4878, 53.2034, 0.0, 0.0, 0.0], [60.4878, 98.3675, 58.9691, 0.0, 0.0, 0.0], [53.2034, 58.9691, 134.2862, 0.0, 0.0, 0.0], [0.0, 0.0, 0.0, 28.6591, 0.0, 0.0], [0.0, 0.0, 0.0, 0.0, 32.7577, 0.0], [0.0, 0.0, 0.0, 0.0, 0.0, -43.2482]], "space group": "P1c1"}, "EAB": {"crystal system": "hexagonal", "elastic tensor": [[119.3342, 73.9332, 71.3393, 0.0, 0.0, 0.0], [73.9332, 119.3342, 71.3393, 0.0, 0.0, 0.0], [71.3393, 71.3393, 100.8242, 0.0, 0.0, 0.0], [0.0, 0.0, 0.0, 27.7111, 0.0, 0.0], [0.0, 0.0, 0.0, 0.0, 27.7111, 0.0], [0.0, 0.0, 0.0, 0.0, 0.0, 22.7005]], "space group": "P63/mmc"}, "EDI": {"crystal system": "orthorhombic", "elastic tensor": [[188.8771, 56.8518, 67.7553, 0.0, 0.0, 0.0], [56.8518, 188.8771, 67.7553, 0.0, 0.0, 0.0], [67.7553, 67.7553, 146.8715, 0.0, 0.0, 0.0], [0.0, 0.0, 0.0, 11.4644, 0.0, 0.0], [0.0, 0.0, 0.0, 0.0, 11.4644, 0.0], [0.0, 0.0, 0.0, 0.0, 0.0, 13.3929]], "space group": "P21212"}, "EMT": {"crystal system": "hexagonal", "elastic tensor": [[89.4605, 49.3297, 48.0768, 0.0, 0.0, 0.0], [49.3297, 89.4605, 48.0768, 0.0, 0.0, 0.0], [48.0768, 48.0768, 86.0678, 0.0, 0.0, 0.0], [0.0, 0.0, 0.0, 18.0108, 0.0, 0.0], [0.0, 0.0, 0.0, 0.0, 18.0108, 0.0], [0.0, 0.0, 0.0, 0.0, 0.0, 20.0654]], "space group": "P63/mmc"}, "EON": {"crystal system": "orthorhombic", "elastic tensor": [[157.154, 56.7885, 44.2271, 0.0, 0.0, 0.0], [56.7885, 116.6874, 73.8698, 0.0, 0.0, 0.0], [44.2271, 73.8698, 109.3816, 0.0, 0.0, 0.0], [0.0, 0.0, 0.0, 19.4719, 0.0, 0.0], [0.0, 0.0, 0.0, 0.0, 22.9727, 0.0], [0.0, 0.0, 0.0, 0.0, 0.0, 26.0901]], "space group": "Pmmn"}, "EPI": {"crystal system": "monoclinic", "elastic tensor": [[164.1111, 70.353, 76.7003, 0.0, 24.9287, 0.0], [70.353, 113.2781, 68.7692, 0.0, 4.416, 0.0], [76.7003, 68.7692, 134.5662, 0.0, 3.4273, 0.0], [0.0, 0.0, 0.0, 27.4986, 0.0, 4.1006], [24.9287, 4.416, 3.4273, 0.0, 55.801, 0.0], [0.0, 0.0, 0.0, 4.1006, 0.0, 33.7786]], "space group": "C2/m"}, "ERI": {"crystal system": "hexagonal", "elastic tensor": [[123.3293, 75.2618, 72.9205, 0.0, 0.0, 0.0], [75.2618, 123.3293, 72.9205, 0.0, 0.0, 0.0], [72.9205, 72.9205, 122.4241, 0.0, 0.0, 0.0], [0.0, 0.0, 0.0, 21.7918, 0.0, 0.0], [0.0, 0.0, 0.0, 0.0, 21.7918, 0.0], [0.0, 0.0, 0.0, 0.0, 0.0, 24.0337]], "space group": "P63/mmc"}, "ESV": {"crystal system": "orthorhombic", "elastic tensor": [[67.3754, 8.8291, 12.9238, 0.0, 0.0, 0.0], [8.8291, 42.5698, -2.3976, 0.0, 0.0, 0.0], [12.9238, -2.3976, 60.9518, 0.0, 0.0, 0.0], [0.0, 0.0, 0.0, 94.536, 0.0, 0.0], [0.0, 0.0, 0.0, 0.0, 7.1828, 0.0], [0.0, 0.0, 0.0, 0.0, 0.0, 28.1752]], "space group": "Pnma"}, "ETR": {"crystal system": "hexagonal", "elastic tensor": [[60.5714, 28.8287, 31.3266, 0.0, 0.0, 0.0], [28.8287, 60.5714, 31.3266, 0.0, 0.0, 0.0], [31.3266, 31.3266, 90.2119, 0.0, 0.0, 0.0], [0.0, 0.0, 0.0, 15.849, 0.0, 0.0], [0.0, 0.0, 0.0, 0.0, 15.849, 0.0], [0.0, 0.0, 0.0, 0.0, 0.0, 15.8714]], "space group": "P63mc"}, "EUO": {"crystal system": "orthorhombic", "elastic tensor": [[147.7366, 46.995, 28.8938, 0.0, 0.0, 0.0], [46.995, 103.1287, 36.2466, 0.0, 0.0, 0.0], [28.8938, 36.2466, 89.7724, 0.0, 0.0, 0.0], [0.0, 0.0, 0.0, 32.7945, 0.0, 0.0], [0.0, 0.0, 0.0, 0.0, 74.2472, 0.0], [0.0, 0.0, 0.0, 0.0, 0.0, 48.6315]], "space group": "Cmme"}, "EZT": {"crystal system": "monoclinic", "elastic tensor": [[63.2709, 11.5907, 28.6117, 0.0, 0.0003, 0.0], [11.5907, 92.843, 50.7524, 0.0, 0.0, 0.0], [28.6117, 50.7524, 142.7047, 0.0, 0.0, 0.0], [0.0, 0.0, 0.0, 26.0665, 0.0, 0.0], [0.0003, 0.0, 0.0, 0.0, 14.9422, 0.0], [0.0, 0.0, 0.0, 0.0, 0.0, 13.2898]], "space group": "I2/m11"}, "FAR": {"crystal system": "hexagonal", "elastic tensor": [[129.2424, 85.4546, 68.9867, 0.6161, 1.0209, -0.0019], [85.4546, 129.2421, 68.9814, 0.5087, 1.2139, 0.0013], [68.9867, 68.9814, 93.3025, 0.6861, 1.3409, 0.0037], [0.6161, 0.5087, 0.6861, 5.3376, 0.0461, -0.0966], [1.0209, 1.2139, 1.3409, 0.0461, 5.3984, -0.0501], [-0.0019, 0.0013, 0.0037, -0.0966, -0.0501, 21.8913]], "space group": "P63/m"}, "FAU": {"crystal system": "cubic", "elastic tensor": [[84.2381, 51.5724, 51.5724, 0.0, 0.0, 0.0], [51.5724, 84.2381, 51.5724, 0.0, 0.0, 0.0], [51.5724, 51.5724, 84.2381, 0.0, 0.0, 0.0], [0.0, 0.0, 0.0, 20.8142, 0.0, 0.0], [0.0, 0.0, 0.0, 0.0, 20.8142, 0.0], [0.0, 0.0, 0.0, 0.0, 0.0, 20.8142]], "space group": "Fd-3m"}, "FER": {"crystal system": "orthorhombic", "elastic tensor": [[150.2991, 68.8232, 73.7479, 0.0, 0.0, 0.0], [68.8232, 167.3864, 55.4689, 0.0, 0.0, 0.0], [73.7479, 55.4689, 204.2713, 0.0, 0.0, 0.0], [0.0, 0.0, 0.0, 30.9049, 0.0, 0.0], [0.0, 0.0, 0.0, 0.0, 26.4, 0.0], [0.0, 0.0, 0.0, 0.0, 0.0, 17.3274]], "space group": "Immm"}, "FRA": {"crystal system": "trigonal", "elastic tensor": [[86.7594, 41.9887, 35.209, -5.1148, -0.1413, 0.0425], [41.9887, 86.559, 35.2058, 5.0713, 0.0544, 0.1271], [35.209, 35.2058, 72.1657, -0.0171, 0.0062, -0.0024], [-5.1148, 5.0713, -0.0171, 26.1222, 0.0394, 0.0821], [-0.1413, 0.0544, 0.0062, 0.0394, 26.0776, -5.0691], [0.0425, 0.1271, -0.0024, 0.0821, -5.0691, 22.4207]], "space group": "P321"}, "GIS": {"crystal system": "monoclinic", "elastic tensor": [[66.6017, 43.0172, 85.7512, 0.0, 0.0, 0.0], [43.0172, 66.6017, 85.7512, 0.0, 0.0, 0.0], [85.7512, 85.7512, 192.0862, 0.0, 0.0, 0.0], [0.0, 0.0, 0.0, 39.8643, 0.0, 0.0], [0.0, 0.0, 0.0, 0.0, 39.8644, 0.0], [0.0, 0.0, 0.0, 0.0, 0.0, 20.6721]], "space group": "P1121/a"}, "GIU": {"crystal system": "trigonal", "elastic tensor": [[125.2166, 85.1734, 58.3717, 0.0, 0.0, 0.0], [85.1734, 125.2166, 58.3717, 0.0, 0.0, 0.0], [58.3717, 58.3717, 93.9776, 0.0, 0.0, 0.0], [0.0, 0.0, 0.0, 26.2103, 0.0, 0.0], [0.0, 0.0, 0.0, 0.0, 26.2103, 0.0], [0.0, 0.0, 0.0, 0.0, 0.0, 20.0216]], "space group": "P31c"}, "GME": {"crystal system": "hexagonal", "elastic tensor": [[121.9704, 68.0687, 60.5432, 0.0, 0.0, 0.0], [68.0687, 121.9704, 60.5432, 0.0, 0.0, 0.0], [60.5432, 60.5432, 62.4516, 0.0, 0.0, 0.0], [0.0, 0.0, 0.0, 29.3718, 0.0, 0.0], [0.0, 0.0, 0.0, 0.0, 29.3718, 0.0], [0.0, 0.0, 0.0, 0.0, 0.0, 26.9508]], "space group": "P63/mmc"}, "GON": {"crystal system": "orthorhombic", "elastic tensor": [[88.3161, 40.7852, 8.1148, 0.0, 0.0, 0.0], [40.7852, 96.4301, -2.1916, 0.0, 0.0, 0.0], [8.1148, -2.1916, 70.3757, 0.0, 0.0, 0.0], [0.0, 0.0, 0.0, 13.2174, 0.0, 0.0], [0.0, 0.0, 0.0, 0.0, 45.49, 0.0], [0.0, 0.0, 0.0, 0.0, 0.0, 18.2916]], "space group": "C222"}, "GOO": {"crystal system": "monoclinic", "elastic tensor": [[56.5604, 26.0772, 17.081, 0.0, 0.0, 0.0], [26.0772, 91.5214, 44.1096, 0.0, 0.0, 0.0], [17.081, 44.1096, 100.0476, 0.0, 0.0, 0.0], [0.0, 0.0, 0.0, 31.0515, 0.0, 0.0], [0.0, 0.0, 0.0, 0.0, 17.0605, 0.0], [0.0, 0.0, 0.0, 0.0, 0.0, -14.6891]], "space group": "P1211"}, "HEU": {"crystal system": "monoclinic", "elastic tensor": [[91.9566, 18.2573, 10.8403, 0.0, -6.504, 0.0], [18.2573, 79.1364, 16.0174, 0.0, -14.3753, 0.0], [10.8403, 16.0174, 96.385, 0.0, -16.3659, 0.0], [0.0, 0.0, 0.0, 10.6184, 0.0, -1.1599], [-6.504, -14.3753, -16.3659, 0.0, 31.5186, 0.0], [0.0, 0.0, 0.0, -1.1599, 0.0, 11.5853]], "space group": "Cm"}, "IFR": {"crystal system": "monoclinic", "elastic tensor": [[70.9621, 48.1933, 14.9685, 0.0, -2.901, 0.0], [48.1933, 84.2062, 37.966, 0.0, -0.6386, 0.0], [14.9685, 37.966, 110.3637, 0.0, 3.79, 0.0], [0.0, 0.0, 0.0, 20.6733, 0.0, 1.7212], [-2.901, -0.6386, 3.79, 0.0, 17.4127, 0.0], [0.0, 0.0, 0.0, 1.7212, 0.0, 27.9941]], "space group": "I12/m1"}, "IHW": {"crystal system": "orthorhombic", "elastic tensor": [[115.808, 19.2389, 13.3344, 0.0, 0.0, 0.0], [19.2389, 99.7506, 32.1099, 0.0, 0.0, 0.0], [13.3344, 32.1099, 79.6181, 0.0, 0.0, 0.0], [0.0, 0.0, 0.0, 27.7955, 0.0, 0.0], [0.0, 0.0, 0.0, 0.0, 28.7197, 0.0], [0.0, 0.0, 0.0, 0.0, 0.0, 23.7592]], "space group": "Cmce"}, "IMF": {"crystal system": "orthorhombic", "elastic tensor": [[120.5761, 31.5268, 23.1501, 0.0, 0.0, 0.0], [31.5268, 77.8051, 22.7946, 0.0, 0.0, 0.0], [23.1501, 22.7946, 74.6798, 0.0, 0.0, 0.0], [0.0, 0.0, 0.0, 14.7149, 0.0, 0.0], [0.0, 0.0, 0.0, 0.0, 47.37, 0.0], [0.0, 0.0, 0.0, 0.0, 0.0, 31.0459]], "space group": "Cmcm"}, "IRR": {"crystal system": "hexagonal", "elastic tensor": [[55.2892, 26.9034, 31.9909, 0.0, 0.0, -0.0101], [26.9034, 55.286, 31.9631, 0.0, 0.0, 0.0073], [31.9909, 31.9631, 87.6676, 0.0, 0.0, -0.0241], [0.0, 0.0, 0.0, 11.1417, 0.0013, 0.0], [0.0, 0.0, 0.0, 0.0013, 11.1402, 0.0], [-0.0101, 0.0073, -0.0241, 0.0, 0.0, 14.2021]], "space group": "P6/mmm"}, "ISV": {"crystal system": "tetragonal", "elastic tensor": [[98.2237, 55.0079, 47.5246, 0.0, 0.0, 0.0], [55.0079, 98.2237, 47.5246, 0.0, 0.0, 0.0], [47.5246, 47.5246, 89.3982, 0.0, 0.0, 0.0], [0.0, 0.0, 0.0, 22.4863, 0.0, 0.0], [0.0, 0.0, 0.0, 0.0, 22.4863, 0.0], [0.0, 0.0, 0.0, 0.0, 0.0, 29.9801]], "space group": "P42/mmc"}, "ITE": {"crystal system": "orthorhombic", "elastic tensor": [[73.1233, 36.5387, 47.1408, 0.0, 0.0, 0.0], [36.5387, 114.9532, 41.6079, 0.0, 0.0, 0.0], [47.1408, 41.6079, 122.7092, 0.0, 0.0, 0.0], [0.0, 0.0, 0.0, 23.3631, 0.0, 0.0], [0.0, 0.0, 0.0, 0.0, 10.0596, 0.0], [0.0, 0.0, 0.0, 0.0, 0.0, 15.8029]], "space group": "Cmcm"}, "ITH": {"crystal system": "orthorhombic", "elastic tensor": [[93.187, 50.5413, 33.0624, 0.0, 0.0, 0.0], [50.5413, 96.4772, 44.4074, 0.0, 0.0, 0.0], [33.0624, 44.4074, 76.3907, 0.0, 0.0, 0.0], [0.0, 0.0, 0.0, -12.0406, 0.0, 0.0], [0.0, 0.0, 0.0, 0.0, 23.3907, 0.0], [0.0, 0.0, 0.0, 0.0, 0.0, 57.2838]], "space group": "Amm2"}, "ITR": {"crystal system": "orthorhombic", "elastic tensor": [[94.0453, 40.3694, 47.8871, 0.0, 0.0, 0.0], [40.3694, 74.3637, 32.2229, 0.0, 0.0, 0.0], [47.8871, 32.2229, 93.7639, 0.0, 0.0, 0.0], [0.0, 0.0, 0.0, 22.8419, 0.0, 0.0], [0.0, 0.0, 0.0, 0.0, -3.6962, 0.0], [0.0, 0.0, 0.0, 0.0, 0.0, 12.6454]], "space group": "Cmcm"}, "ITW": {"crystal system": "monoclinic", "elastic tensor": [[96.2557, 54.3303, 63.6482, 0.0, 5.7831, 0.0], [54.3303, 121.2732, 77.7546, 0.0, 9.2623, 0.0], [63.6482, 77.7546, 109.4367, 0.0, 9.5585, 0.0], [0.0, 0.0, 0.0, 24.7403, 0.0, -7.1443], [5.7831, 9.2623, 9.5585, 0.0, 38.3307, 0.0], [0.0, 0.0, 0.0, -7.1443, 0.0, 30.8546]], "space group": "C1m1"}, "IWR": {"crystal system": "orthorhombic", "elastic tensor": [[77.3749, 48.8243, 51.0878, 0.0, 0.0, 0.0], [48.8243, 113.5268, 46.3644, 0.0, 0.0, 0.0], [51.0878, 46.3644, 95.5495, 0.0, 0.0, 0.0], [0.0, 0.0, 0.0, 23.2726, 0.0, 0.0], [0.0, 0.0, 0.0, 0.0, 35.8556, 0.0], [0.0, 0.0, 0.0, 0.0, 0.0, 26.3293]], "space group": "Cmmm"}, "IWS": {"crystal system": "tetragonal", "elastic tensor": [[93.3395, 46.6752, 45.0558, 0.0, 0.0, 0.0], [46.6752, 93.3395, 45.0558, 0.0, 0.0, 0.0], [45.0558, 45.0558, 82.6439, 0.0, 0.0, 0.0], [0.0, 0.0, 0.0, 22.4008, 0.0, 0.0], [0.0, 0.0, 0.0, 0.0, 22.4008, 0.0], [0.0, 0.0, 0.0, 0.0, 0.0, 20.3728]], "space group": "I4/mmm"}, "IWV": {"crystal system": "orthorhombic", "elastic tensor": [[101.7413, 54.0134, 46.7, 0.0, 0.0, 0.0], [54.0134, 92.4857, 35.5655, 0.0, 0.0001, 0.0], [46.7, 35.5655, 132.296, -0.0001, 0.0001, 0.0], [0.0, 0.0, -0.0001, -88.9786, 0.0, 0.0005], [0.0, 0.0001, 0.0001, 0.0, 23.388, 0.0], [0.0, 0.0, 0.0, 0.0005, 0.0, 21.2852]], "space group": "Fmmm"}, "IWW": {"crystal system": "orthorhombic", "elastic tensor": [[87.1153, 33.4272, 34.1506, 0.0, 0.0, 0.0], [33.4272, 79.0329, 38.8143, 0.0, 0.0, 0.0], [34.1506, 38.8143, 88.9503, 0.0, 0.0, 0.0], [0.0, 0.0, 0.0, 30.7059, 0.0, 0.0], [0.0, 0.0, 0.0, 0.0, 18.7053, 0.0], [0.0, 0.0, 0.0, 0.0, 0.0, 25.4487]], "space group": "Pbam"}, "JBW": {"crystal system": "orthorhombic", "elastic tensor": [[217.7395, 58.7364, 108.0889, 0.0, 0.0, 0.0], [58.7364, 112.6787, 91.7351, 0.0, 0.0, 0.0], [108.0889, 91.7351, 176.4263, 0.0, 0.0, 0.0], [0.0, 0.0, 0.0, 28.3221, 0.0, 0.0], [0.0, 0.0, 0.0, 0.0, 42.7844, 0.0], [0.0, 0.0, 0.0, 0.0, 0.0, 106.5817]], "space group": "Pna21"}, "JRY": {"crystal system": "orthorhombic", "elastic tensor": [[136.2531, 52.0469, 62.854, 0.0, 0.0, 0.0], [52.0469, 150.6563, 68.3505, 0.0, 0.0, 0.0], [62.854, 68.3505, 110.7463, 0.0, 0.0, 0.0], [0.0, 0.0, 0.0, -30.0754, 0.0, 0.0], [0.0, 0.0, 0.0, 0.0, 7.8567, 0.0], [0.0, 0.0, 0.0, 0.0, 0.0, 34.7516]], "space group": "P212121"}, "KFI": {"crystal system": "cubic", "elastic tensor": [[117.8859, 61.9754, 61.9754, 0.0, 0.0, 0.0], [61.9754, 117.8859, 61.9754, 0.0, 0.0, 0.0], [61.9754, 61.9754, 117.8859, 0.0, 0.0, 0.0], [0.0, 0.0, 0.0, 17.419, 0.0, 0.0], [0.0, 0.0, 0.0, 0.0, 17.419, 0.0], [0.0, 0.0, 0.0, 0.0, 0.0, 17.419]], "space group": "Im-3m"}, "LAU": {"crystal system": "monoclinic", "elastic tensor": [[89.4049, 68.1385, 50.2105, 0.0, 2.5968, 0.0], [68.1385, 98.8, 33.2562, 0.0, -2.7461, 0.0], [50.2105, 33.2562, 81.223, 0.0, 3.7392, 0.0], [0.0, 0.0, 0.0, 20.1736, 0.0, -0.0778], [2.5968, -2.7461, 3.7392, 0.0, 18.3616, 0.0], [0.0, 0.0, 0.0, -0.0778, 0.0, 32.9401]], "space group": "Am"}, "LEV": {"crystal system": "trigonal", "elastic tensor": [[119.2409, 76.2218, 73.0793, -0.3178, 0.0, 0.0], [76.2218, 119.2409, 73.0793, 0.3178, 0.0, 0.0], [73.0793, 73.0793, 109.1537, 0.0, 0.0, 0.0], [-0.3178, 0.3178, 0.0, 25.9291, 0.0, 0.0], [0.0, 0.0, 0.0, 0.0, 25.9291, -0.3178], [0.0, 0.0, 0.0, 0.0, -0.3178, 21.5096]], "space group": "R-3m"}, "LIO": {"crystal system": "hexagonal", "elastic tensor": [[121.0037, 80.0035, 89.2, 0.0, 0.0, 0.0], [80.0035, 121.0037, 89.2, 0.0, 0.0, 0.0], [89.2, 89.2, 186.2756, 0.0, 0.0, 0.0], [0.0, 0.0, 0.0, 24.0988, 0.0, 0.0], [0.0, 0.0, 0.0, 0.0, 24.0988, 0.0], [0.0, 0.0, 0.0, 0.0, 0.0, 20.5001]], "space group": "P-6"}, "LOS": {"crystal system": "hexagonal", "elastic tensor": [[108.7625, 69.064, 86.4394, 0.0, 0.0, 0.0], [69.064, 108.7625, 86.4394, 0.0, 0.0, 0.0], [86.4394, 86.4394, 187.6083, 0.0, 0.0, 0.0], [0.0, 0.0, 0.0, 24.6665, 0.0, 0.0], [0.0, 0.0, 0.0, 0.0, 24.6665, 0.0], [0.0, 0.0, 0.0, 0.0, 0.0, 19.8492]], "space group": "P63mc"}, "LOV": {"crystal system": "orthorhombic", "elastic tensor": [[170.0736, 86.2551, 59.311, 0.0, 0.0, 0.0], [86.2551, 170.0736, 59.311, 0.0, 0.0, 0.0], [59.311, 59.311, 113.1367, 0.0, 0.0, 0.0], [0.0, 0.0, 0.0, 27.7284, 0.0, 0.0], [0.0, 0.0, 0.0, 0.0, 27.7284, 0.0], [0.0, 0.0, 0.0, 0.0, 0.0, 14.9205]], "space group": "Pma2"}, "LTA": {"crystal system": "cubic", "elastic tensor": [[96.4994, 56.0446, 56.0446, 0.0, 0.0, 0.0], [56.0446, 96.4994, 56.0446, 0.0, 0.0, 0.0], [56.0446, 56.0446, 96.4994, 0.0, 0.0, 0.0], [0.0, 0.0, 0.0, 22.938, 0.0, 0.0], [0.0, 0.0, 0.0, 0.0, 22.938, 0.0], [0.0, 0.0, 0.0, 0.0, 0.0, 22.938]], "space group": "Fm-3c"}, "LTF": {"crystal system": "hexagonal", "elastic tensor": [[111.8538, 73.8806, 57.1143, 0.0, 0.0, 0.0], [73.8806, 111.8538, 57.1143, 0.0, 0.0, 0.0], [57.1143, 57.1143, 131.0043, 0.0, 0.0, 0.0], [0.0, 0.0, 0.0, 22.5781, 0.0, 0.0], [0.0, 0.0, 0.0, 0.0, 22.5781, 0.0], [0.0, 0.0, 0.0, 0.0, 0.0, 18.9866]], "space group": "P63/mmc"}, "LTL": {"crystal system": "hexagonal", "elastic tensor": [[94.0852, 66.8063, 39.5688, 0.0, 0.0, 0.0], [66.8063, 94.0852, 39.5688, 0.0, 0.0, 0.0], [39.5688, 39.5688, 85.4168, 0.0, 0.0, 0.0], [0.0, 0.0, 0.0, 15.2911, 0.0, 0.0], [0.0, 0.0, 0.0, 0.0, 15.2911, 0.0], [0.0, 0.0, 0.0, 0.0, 0.0, 13.6394]], "space group": "P6/mmm"}, "MAR": {"crystal system": "trigonal", "elastic tensor": [[133.7617, 90.4557, 87.5526, 0.0, 0.0, 0.0], [90.4557, 133.7617, 87.5526, 0.0, 0.0, 0.0], [87.5526, 87.5526, 121.3971, 0.0, 0.0, 0.0], [0.0, 0.0, 0.0, 17.5567, 0.0, 0.0], [0.0, 0.0, 0.0, 0.0, 17.5567, 0.0], [0.0, 0.0, 0.0, 0.0, 0.0, 21.653]], "space group": "P31c"}, "MAZ": {"crystal system": "hexagonal", "elastic tensor": [[120.8167, 91.0102, 58.3223, 0.0, 0.0, 0.0], [91.0102, 120.8167, 58.3223, 0.0, 0.0, 0.0], [58.3223, 58.3223, 141.8198, 0.0, 0.0, 0.0], [0.0, 0.0, 0.0, 20.7625, 0.0, 0.0], [0.0, 0.0, 0.0, 0.0, 20.7625, 0.0], [0.0, 0.0, 0.0, 0.0, 0.0, 14.9033]], "space group": "P63/mmc"}, "MEI": {"crystal system": "hexagonal", "elastic tensor": [[88.1538, 49.6473, 39.7536, 0.0, 0.0, 0.0], [49.6473, 88.1538, 39.7536, 0.0, 0.0, 0.0], [39.7536, 39.7536, 119.9566, 0.0, 0.0, 0.0], [0.0, 0.0, 0.0, 11.6814, 0.0, 0.0], [0.0, 0.0, 0.0, 0.0, 11.6814, 0.0], [0.0, 0.0, 0.0, 0.0, 0.0, 19.2532]], "space group": "P63/m"}, "MEL": {"crystal system": "tetragonal", "elastic tensor": [[116.818, 32.9332, 55.7225, 0.0, 0.0, 0.0], [32.9332, 116.818, 55.7225, 0.0, 0.0, 0.0], [55.7225, 55.7225, 128.534, 0.0, 0.0, 0.0], [0.0, 0.0, 0.0, 21.7034, 0.0, 0.0], [0.0, 0.0, 0.0, 0.0, 21.7034, 0.0], [0.0, 0.0, 0.0, 0.0, 0.0, 22.9078]], "space group": "I-4m2"}, "MEP": {"crystal system": "cubic", "elastic tensor": [[138.6056, 59.9237, 59.9237, 0.0, 0.0, 0.0], [59.9237, 138.6056, 59.9237, 0.0, 0.0, 0.0], [59.9237, 59.9237, 138.6056, 0.0, 0.0, 0.0], [0.0, 0.0, 0.0, -8.9598, 0.0, 0.0], [0.0, 0.0, 0.0, 0.0, -8.9598, 0.0], [0.0, 0.0, 0.0, 0.0, 0.0, -8.9598]], "space group": "Pm-3n"}, "MER": {"crystal system": "orthorhombic", "elastic tensor": [[128.4426, 58.7136, 53.252, 0.0, 0.0, 0.0], [58.7136, 128.4426, 53.252, 0.0, 0.0, 0.0], [53.252, 53.252, 54.6378, 0.0, 0.0, 0.0], [0.0, 0.0, 0.0, 28.8819, 0.0, 0.0], [0.0, 0.0, 0.0, 0.0, 28.8819, 0.0], [0.0, 0.0, 0.0, 0.0, 0.0, 14.1768]], "space group": "Immm"}, "MFI": {"crystal system": "orthorhombic", "elastic tensor": [[104.8728, 11.9673, 32.0814, 0.0, 0.0, 0.0], [11.9673, 68.3027, 17.6253, 0.0, 0.0, 0.0], [32.0814, 17.6253, 76.0353, 0.0, 0.0, 0.0], [0.0, 0.0, 0.0, 33.7659, 0.0, 0.0], [0.0, 0.0, 0.0, 0.0, 29.7328, 0.0], [0.0, 0.0, 0.0, 0.0, 0.0, 23.005]], "space group": "Pnma"}, "MFS": {"crystal system": "orthorhombic", "elastic tensor": [[164.2854, 46.9807, 67.9479, 0.0, 0.0, 0.0], [46.9807, 119.2852, 57.3875, 0.0, 0.0, 0.0], [67.9479, 57.3875, 144.8433, 0.0, 0.0, 0.0], [0.0, 0.0, 0.0, 37.7057, 0.0, 0.0], [0.0, 0.0, 0.0, 0.0, 36.2393, 0.0], [0.0, 0.0, 0.0, 0.0, 0.0, -36.4346]], "space group": "Imm2"}, "MON": {"crystal system": "tetragonal", "elastic tensor": [[205.2114, 84.5297, 61.1829, 0.0, 0.0, 0.0], [84.5297, 205.2114, 61.1829, 0.0, 0.0, 0.0], [61.1829, 61.1829, 161.9139, 0.0, 0.0, 0.0], [0.0, 0.0, 0.0, 33.5295, 0.0, 0.0], [0.0, 0.0, 0.0, 0.0, 33.5295, 0.0], [0.0, 0.0, 0.0, 0.0, 0.0, 34.6716]], "space group": "I41/amd"}, "MOR": {"crystal system": "orthorhombic", "elastic tensor": [[125.1024, 66.2316, 71.3272, 0.0, 0.0, 0.0], [66.2316, 118.8735, 39.9037, 0.0, 0.0, 0.0], [71.3272, 39.9037, 197.7255, 0.0, 0.0, 0.0], [0.0, 0.0, 0.0, 25.9899, 0.0, 0.0], [0.0, 0.0, 0.0, 0.0, 32.0735, 0.0], [0.0, 0.0, 0.0, 0.0, 0.0, 23.0872]], "space group": "Cmcm"}, "MOZ": {"crystal system": "orthorhombic", "elastic tensor": [[96.8449, 62.9145, 45.8484, 0.0, 0.0, 0.0], [62.9145, 96.8449, 45.8484, 0.0, 0.0, 0.0], [45.8484, 45.8484, 93.286, 0.0, 0.0, 0.0], [0.0, 0.0, 0.0, 18.4344, 0.0, 0.0], [0.0, 0.0, 0.0, 0.0, 18.4344, 0.0], [0.0, 0.0, 0.0, 0.0, 0.0, 16.9652]], "space group": "Imma"}, "MRE": {"crystal system": "orthorhombic", "elastic tensor": [[83.3992, 20.9308, 3.3142, 0.0, 0.0, 0.0], [20.9308, 131.0896, 52.1645, 0.0, 0.0, 0.0], [3.3142, 52.1645, 134.204, 0.0, 0.0, 0.0], [0.0, 0.0, 0.0, 33.7513, 0.0, 0.0], [0.0, 0.0, 0.0, 0.0, 34.4945, 0.0], [0.0, 0.0, 0.0, 0.0, 0.0, 31.299]], "space group": "Imma"}, "MSE": {"crystal system": "tetragonal", "elastic tensor": [[103.3523, 49.1583, 26.9571, 0.0, 0.0, 0.0], [49.1583, 103.3524, 26.9572, 0.0, 0.0, 0.0], [26.9571, 26.9572, 34.5612, 0.0, 0.0001, 0.0], [0.0, 0.0, 0.0, 26.402, 0.0, 0.0], [0.0, 0.0, 0.0001, 0.0, 26.4018, 0.0], [0.0, 0.0, 0.0, 0.0, 0.0, 23.1471]], "space group": "P42/mnm"}, "MSO": {"crystal system": "rhombohedral", "elastic tensor": [[139.8081, 62.8011, 62.5247, 5.7688, 0.0017, 0.0], [62.8011, 139.8081, 62.5247, -5.7688, -0.0017, 0.0], [62.5247, 62.5247, 51.7687, 0.0, 0.0, 0.0], [5.7688, -5.7688, 0.0, 26.4167, 0.0, -0.0017], [0.0017, -0.0017, 0.0, 0.0, 26.4167, 5.7688], [0.0, 0.0, 0.0, -0.0017, 5.7688, 38.5035]], "space group": "R-3m"}, "MTF": {"crystal system": "monoclinic", "elastic tensor": [[98.8386, 43.4989, 10.9126, 0.0, 22.409, 0.0], [43.4989, 90.9803, 7.1537, 0.0, 8.1135, 0.0], [10.9126, 7.1537, 87.9365, 0.0, 18.1924, 0.0], [0.0, 0.0, 0.0, 45.607, 0.0, 5.693], [22.409, 8.1135, 18.1924, 0.0, 29.5559, 0.0], [0.0, 0.0, 0.0, 5.693, 0.0, 10.6121]], "space group": "C12/m1"}, "MTN": {"crystal system": "cubic", "elastic tensor": [[192.144, 107.5567, 107.5567, 0.0, 0.0, 0.0], [107.5567, 192.144, 107.5567, 0.0, 0.0, 0.0], [107.5567, 107.5567, 192.144, 0.0, 0.0, 0.0], [0.0, 0.0, 0.0, 41.929, 0.0, 0.0], [0.0, 0.0, 0.0, 0.0, 41.929, 0.0], [0.0, 0.0, 0.0, 0.0, 0.0, 41.929]], "space group": "Fd-3m"}, "MTT": {"crystal system": "orthorhombic", "elastic tensor": [[187.7557, 57.783, 72.7665, 0.0, 0.0, 0.0], [57.783, 142.4808, 49.7264, 0.0, 0.0, 0.0], [72.7665, 49.7264, 165.7633, 0.0, 0.0, 0.0], [0.0, 0.0, 0.0, 40.8683, 0.0, 0.0], [0.0, 0.0, 0.0, 0.0, 32.6224, 0.0], [0.0, 0.0, 0.0, 0.0, 0.0, 42.9897]], "space group": "Pmn21"}, "MTW": {"crystal system": "monoclinic", "elastic tensor": [[100.7447, 56.638, 32.4415, 0.0, -7.9267, 0.0], [56.638, 182.017, 26.2444, 0.0, 7.4615, 0.0], [32.4415, 26.2444, 49.3014, 0.0, 3.8455, 0.0], [0.0, 0.0, 0.0, 6.4247, 0.0, -2.2132], [-7.9267, 7.4615, 3.8455, 0.0, 34.5191, 0.0], [0.0, 0.0, 0.0, -2.2132, 0.0, 46.4391]], "space group": "C12/c1"}, "MVY": {"crystal system": "orthorhombic", "elastic tensor": [[176.68, 40.5751, 71.0329, 0.0, 0.0, 0.0], [40.5751, 62.03, 69.7373, 0.0, 0.0, 0.0], [71.0329, 69.7373, 150.6332, 0.0, 0.0, 0.0], [0.0, 0.0, 0.0, 28.5723, 0.0, 0.0], [0.0, 0.0, 0.0, 0.0, 26.1066, 0.0], [0.0, 0.0, 0.0, 0.0, 0.0, 51.717]], "space group": "Pmn21"}, "MWW": {"crystal system": "hexagonal", "elastic tensor": [[131.4212, 87.0438, 52.739, 0.0, 0.0, 27.5255], [87.0438, 119.8328, 47.3886, 0.0, 0.0, -35.4987], [52.739, 47.3886, 90.2622, 0.0, 0.0, -3.3857], [0.0, 0.0, 0.0, 13.0708, 0.0101, 0.0], [0.0, 0.0, 0.0, 0.0101, 13.061, 0.0], [27.5255, -35.4987, -3.3857, 0.0, 0.0, 6.2954]], "space group": "P6/mmm"}, "NAB": {"crystal system": "orthorhombic", "elastic tensor": [[154.1588, 80.1421, 54.031, 0.0, 0.0, 0.0], [80.1421, 154.1588, 54.031, 0.0, 0.0, 0.0], [54.031, 54.031, 128.2883, 0.0, 0.0, 0.0], [0.0, 0.0, 0.0, 36.4625, 0.0, 0.0], [0.0, 0.0, 0.0, 0.0, 36.4625, 0.0], [0.0, 0.0, 0.0, 0.0, 0.0, 27.7319]], "space group": "P212121"}, "NAT": {"crystal system": "orthorhombic", "elastic tensor": [[189.6034, 57.4043, 66.0586, 0.0, 0.0, 0.0], [57.4043, 189.6034, 66.0586, 0.0, 0.0, 0.0], [66.0586, 66.0586, 153.9207, 0.0, 0.0, 0.0], [0.0, 0.0, 0.0, 13.7281, 0.0, 0.0], [0.0, 0.0, 0.0, 0.0, 13.7281, 0.0], [0.0, 0.0, 0.0, 0.0, 0.0, 13.5887]], "space group": "Fdd2"}, "NES": {"crystal system": "monoclinic", "elastic tensor": [[120.2341, 48.4985, 67.9408, 0.0, 0.0, 0.0], [48.4985, 170.738, 60.294, 0.0, 0.0, 0.0], [67.9408, 60.294, 115.2369, 0.0, 0.0, 0.0], [0.0, 0.0, 0.0, 29.0923, 0.0, 0.0], [0.0, 0.0, 0.0, 0.0, 33.761, 0.0], [0.0, 0.0, 0.0, 0.0, 0.0, 36.4427]], "space group": "P121/c1"}, "NON": {"crystal system": "orthorhombic", "elastic tensor": [[159.3096, 92.1563, 88.5486, 0.0, 0.0, 0.0], [92.1563, 181.4311, 94.3782, 0.0, 0.0, 0.0], [88.5486, 94.3782, 189.0916, 0.0, 0.0, 0.0], [0.0, 0.0, 0.0, 36.308, 0.0, 0.0], [0.0, 0.0, 0.0, 0.0, 41.1995, 0.0], [0.0, 0.0, 0.0, 0.0, 0.0, 43.9051]], "space group": "Fmmm"}, "NPO": {"crystal system": "orthorhombic", "elastic tensor": [[45.2682, -35.3339, 6.3817, 0.0, 0.0, 0.0], [-35.3339, 45.2682, 6.3817, 0.0, 0.0, 0.0], [6.3817, 6.3817, 149.6138, 0.0, 0.0, 0.0], [0.0, 0.0, 0.0, 24.0174, 0.0, 0.0], [0.0, 0.0, 0.0, 0.0, 24.0174, 0.0], [0.0, 0.0, 0.0, 0.0, 0.0, 40.3011]], "space group": "Pna21"}, "NSI": {"crystal system": "