{"ABW": {"crystal system": "orthorhombic", "elastic tensor": [[77.479, 66.242, 107.977, 0.0, 0.0, 0.0], [66.242, 201.054, 109.728, 0.0, 0.0, 0.0], [107.977, 109.728, 202.041, 0.0, 0.0, 0.0], [0.0, 0.0, 0.0, 27.866, 0.0, 0.0], [0.0, 0.0, 0.0, 0.0, 51.841, 0.0], [0.0, 0.0, 0.0, 0.0, 0.0, 12.149]], "space group": "Pna21"}, "AEI": {"crystal system": "monoclinic", "elastic tensor": [[105.342, 76.335, 63.005, 0.0, 0.0, 0.0], [76.335, 105.091, 56.317, 0.0, 0.0, 0.0], [63.005, 56.317, 117.242, 0.0, 0.0, 0.0], [0.0, 0.0, 0.0, 11.077, 0.0, 0.0], [0.0, 0.0, 0.0, 0.0, 19.807, 0.0], [0.0, 0.0, 0.0, 0.0, 0.0, 31.853]], "space group": "C12/c1"}, "AEL": {"crystal system": "orthorhombic", "elastic tensor": [[241.223, 66.33, 78.747, 0.0, 0.0, 0.0], [66.33, 145.119, 90.408, 0.0, 0.0, 0.0], [78.747, 90.408, 186.987, 0.0, 0.0, 0.0], [0.0, 0.0, 0.0, 21.462, 0.0, 0.0], [0.0, 0.0, 0.0, 0.0, 39.267, 0.0], [0.0, 0.0, 0.0, 0.0, 0.0, 34.416]], "space group": "Ibm2"}, "AEN": {"crystal system": "orthorhombic", "elastic tensor": [[152.562, 93.823, 74.984, 0.0, 0.0, 0.0], [93.823, 154.84, 44.857, 0.0, 0.0, 0.0], [74.984, 44.857, 163.409, 0.0, 0.0, 0.0], [0.0, 0.0, 0.0, 33.114, 0.0, 0.0], [0.0, 0.0, 0.0, 0.0, 25.105, 0.0], [0.0, 0.0, 0.0, 0.0, 0.0, 31.587]], "space group": "P212121"}, "AET": {"crystal system": "orthorhombic", "elastic tensor": [[83.17, 65.167, 47.456, 0.0, 0.0, 0.0], [65.167, 110.608, 53.719, 0.0, 0.0, 0.0], [47.456, 53.719, 217.425, 0.0, 0.0, 0.0], [0.0, 0.0, 0.0, 30.0, 0.0, 0.0], [0.0, 0.0, 0.0, 0.0, 31.139, 0.0], [0.0, 0.0, 0.0, 0.0, 0.0, 22.3]], "space group": "Cmc21"}, "AFG": {"crystal system": "hexagonal", "elastic tensor": [[140.946, 89.643, 88.276, 0.0, 0.0, 0.0], [89.643, 140.946, 88.276, 0.0, 0.0, 0.0], [88.276, 88.276, 182.064, 0.0, 0.0, 0.0], [0.0, 0.0, 0.0, 23.272, 0.0, 0.0], [0.0, 0.0, 0.0, 0.0, 23.272, 0.0], [0.0, 0.0, 0.0, 0.0, 0.0, 25.651]], "space group": "P63mc"}, "AFI": {"crystal system": "hexagonal", "elastic tensor": [[145.386, 87.648, 66.06, 0.0, 0.0, 0.0], [87.648, 145.386, 66.06, 0.0, 0.0, 0.0], [66.06, 66.06, 219.566, 0.0, 0.0, 0.0], [0.0, 0.0, 0.0, 32.814, 0.0, 0.0], [0.0, 0.0, 0.0, 0.0, 32.814, 0.0], [0.0, 0.0, 0.0, 0.0, 0.0, 28.869]], "space group": "P6cc"}, "AFN": {"crystal system": "triclinic", "elastic tensor": [[128.954, 48.355, 34.579, 0.0, 30.444, 0.0], [48.355, 137.843, 43.38, 0.0, 8.476, 0.0], [34.579, 43.38, 55.256, 0.0, 15.418, 0.0], [0.0, 0.0, 0.0, 20.336, 0.0, 3.981], [30.444, 8.476, 15.418, 0.0, 25.161, 0.0], [0.0, 0.0, 0.0, 3.981, 0.0, 14.141]], "space group": "P-1"}, "AFO": {"crystal system": "monoclinic", "elastic tensor": [[185.374, 75.9, 74.71, 0.0, 0.0, 0.0], [75.9, 144.957, 63.937, 0.0, 0.0, 0.0], [74.71, 63.937, 240.924, 0.0, 0.0, 0.0], [0.0, 0.0, 0.0, 34.167, 0.0, 0.0], [0.0, 0.0, 0.0, 0.0, 37.193, 0.0], [0.0, 0.0, 0.0, 0.0, 0.0, 8.38]], "space group": "P1121"}, "AFR": {"crystal system": "orthorhombic", "elastic tensor": [[86.277, 50.069, 37.748, 0.0, 0.0, 0.0], [50.069, 96.436, 47.717, 0.0, 0.0, 0.0], [37.748, 47.717, 90.665, 0.0, 0.0, 0.0], [0.0, 0.0, 0.0, 19.539, 0.0, 0.0], [0.0, 0.0, 0.0, 0.0, 8.168, 0.0], [0.0, 0.0, 0.0, 0.0, 0.0, 24.085]], "space group": "Pccn"}, "AFS": {"crystal system": "trigonal", "elastic tensor": [[83.396, 43.813, 46.313, 0.0, 0.0, 0.0], [43.813, 83.396, 46.313, 0.0, 0.0, 0.0], [46.313, 46.313, 110.31, 0.0, 0.0, 0.0], [0.0, 0.0, 0.0, 12.392, 0.0, 0.0], [0.0, 0.0, 0.0, 0.0, 12.392, 0.0], [0.0, 0.0, 0.0, 0.0, 0.0, 19.791]], "space group": "P3c1"}, "AFT": {"crystal system": "trigonal", "elastic tensor": [[107.966, 63.102, 72.08, 0.0, 0.0, 0.0], [63.102, 107.966, 72.08, 0.0, 0.0, 0.0], [72.08, 72.08, 79.759, 0.0, 0.0, 0.0], [0.0, 0.0, 0.0, 28.004, 0.0, 0.0], [0.0, 0.0, 0.0, 0.0, 28.004, 0.0], [0.0, 0.0, 0.0, 0.0, 0.0, 22.432]], "space group": "P-31c"}, "AFX": {"crystal system": "trigonal", "elastic tensor": [[108.534, 63.321, 71.768, 0.0, 0.0, 0.0], [63.321, 108.534, 71.768, 0.0, 0.0, 0.0], [71.768, 71.768, 78.8, 0.0, 0.0, 0.0], [0.0, 0.0, 0.0, 28.323, 0.0, 0.0], [0.0, 0.0, 0.0, 0.0, 28.323, 0.0], [0.0, 0.0, 0.0, 0.0, 0.0, 22.606]], "space group": "P-31c"}, "AFY": {"crystal system": "trigonal", "elastic tensor": [[67.487, 37.153, 30.561, -1.257, 0.0, 0.0], [37.153, 67.487, 30.561, 1.257, 0.0, 0.0], [30.561, 30.561, 107.176, 0.0, 0.0, 0.0], [-1.257, 1.257, 0.0, 11.067, 0.0, 0.0], [0.0, 0.0, 0.0, 0.0, 11.067, -1.257], [0.0, 0.0, 0.0, 0.0, -1.257, 15.167]], "space group": "P-3"}, "AHT": {"crystal system": "monoclinic", "elastic tensor": [[221.992, 57.965, 83.898, 0.0, 0.0, 0.0], [57.965, 49.146, 32.864, 0.0, 0.0, 0.0], [83.898, 32.864, 232.115, 0.0, 0.0, 0.0], [0.0, 0.0, 0.0, 27.386, 0.0, 0.0], [0.0, 0.0, 0.0, 0.0, 40.421, 0.0], [0.0, 0.0, 0.0, 0.0, 0.0, 41.484]], "space group": "P1121"}, "ANA": {"crystal system": "cubic", "elastic tensor": [[160.746, 73.477, 73.477, 0.0, 0.0, 0.0], [73.477, 160.746, 73.477, 0.0, 0.0, 0.0], [73.477, 73.477, 160.746, 0.0, 0.0, 0.0], [0.0, 0.0, 0.0, 35.385, 0.0, 0.0], [0.0, 0.0, 0.0, 0.0, 35.385, 0.0], [0.0, 0.0, 0.0, 0.0, 0.0, 35.385]], "space group": "Ia-3d"}, "APC": {"crystal system": "orthorhombic", "elastic tensor": [[76.479, 53.166, 75.431, 0.0, 0.0, 0.0], [53.166, 84.65, 108.45, 0.0, 0.0, 0.0], [75.431, 108.45, 194.847, 0.0, 0.0, 0.0], [0.0, 0.0, 0.0, 44.932, 0.0, 0.0], [0.0, 0.0, 0.0, 0.0, 40.766, 0.0], [0.0, 0.0, 0.0, 0.0, 0.0, 23.092]], "space group": "Pbca"}, "APD": {"crystal system": "orthorhombic", "elastic tensor": [[158.535, 80.075, 78.394, 0.0, 0.0, 0.0], [80.075, 146.995, 133.109, 0.0, 0.0, 0.0], [78.394, 133.109, 145.1, 0.0, 0.0, 0.0], [0.0, 0.0, 0.0, 45.623, 0.0, 0.0], [0.0, 0.0, 0.0, 0.0, 36.793, 0.0], [0.0, 0.0, 0.0, 0.0, 0.0, 35.845]], "space group": "Pca21"}, "AST": {"crystal system": "cubic", "elastic tensor": [[119.115, 99.566, 99.566, 0.0, 0.0, 0.0], [99.566, 119.115, 99.566, 0.0, 0.0, 0.0], [99.566, 99.566, 119.115, 0.0, 0.0, 0.0], [0.0, 0.0, 0.0, 36.169, 0.0, 0.0], [0.0, 0.0, 0.0, 0.0, 36.169, 0.0], [0.0, 0.0, 0.0, 0.0, 0.0, 36.169]], "space group": "F23"}, "ATN": {"crystal system": "tetragonal", "elastic tensor": [[153.946, 102.846, 66.868, 0.0, 0.0, 0.0], [102.846, 153.946, 66.868, 0.0, 0.0, 0.0], [66.868, 66.868, 171.324, 0.0, 0.0, 0.0], [0.0, 0.0, 0.0, 16.821, 0.0, 0.0], [0.0, 0.0, 0.0, 0.0, 16.821, 0.0], [0.0, 0.0, 0.0, 0.0, 0.0, 7.575]], "space group": "I4/m"}, "ATO": {"crystal system": "trigonal", "elastic tensor": [[128.174, 70.827, 71.415, 0.0, 6.802, 0.0], [70.827, 128.174, 71.415, 0.0, -6.802, 0.0], [71.415, 71.415, 180.953, 0.0, 0.0, 0.0], [0.0, 0.0, 0.0, 35.118, 0.0, -6.802], [6.802, -6.802, 0.0, 0.0, 35.118, 0.0], [0.0, 0.0, 0.0, -6.802, 0.0, 28.673]], "space group": "R-3"}, "ATS": {"crystal system": "monoclinic", "elastic tensor": [[119.04, 63.144, 43.719, 0.0, 0.0, 0.0], [63.144, 158.394, 62.997, 0.0, 0.0, 0.0], [43.719, 62.997, 151.933, 0.0, 0.0, 0.0], [0.0, 0.0, 0.0, 19.958, 0.0, 0.0], [0.0, 0.0, 0.0, 0.0, 11.7, 0.0], [0.0, 0.0, 0.0, 0.0, 0.0, 18.646]], "space group": "C12/c1"}, "ATT": {"crystal system": "orthorhombic", "elastic tensor": [[60.174, 60.051, 81.882, 0.0, 0.0, 0.0], [60.051, 118.113, 105.848, 0.0, 0.0, 0.0], [81.882, 105.848, 163.531, 0.0, 0.0, 0.0], [0.0, 0.0, 0.0, 17.59, 0.0, 0.0], [0.0, 0.0, 0.0, 0.0, 42.731, 0.0], [0.0, 0.0, 0.0, 0.0, 0.0, 18.778]], "space group": "P21212"}, "ATV": {"crystal system": "orthorhombic", "elastic tensor": [[254.837, 88.616, 79.541, 0.0, 0.0, 0.0], [88.616, 185.365, 134.947, 0.0, 0.0, 0.0], [79.541, 134.947, 152.887, 0.0, 0.0, 0.0], [0.0, 0.0, 0.0, 17.18, 0.0, 0.0], [0.0, 0.0, 0.0, 0.0, 39.827, 0.0], [0.0, 0.0, 0.0, 0.0, 0.0, 40.629]], "space group": "Aemm"}, "AWO": {"crystal system": "monoclinic", "elastic tensor": [[52.899, 54.849, 59.774, 0.0, 0.0, 0.0], [54.849, 132.563, 116.819, 0.0, 0.0, 0.0], [59.774, 116.819, 170.457, 0.0, 0.0, 0.0], [0.0, 0.0, 0.0, 19.219, 0.0, 0.0], [0.0, 0.0, 0.0, 0.0, 30.259, 0.0], [0.0, 0.0, 0.0, 0.0, 0.0, 22.891]], "space group": "P121/a1"}, "AWW": {"crystal system": "tetragonal", "elastic tensor": [[112.955, 79.582, 65.653, 0.0, 0.0, 0.0], [79.582, 112.955, 65.653, 0.0, 0.0, 0.0], [65.653, 65.653, 100.935, 0.0, 0.0, 0.0], [0.0, 0.0, 0.0, 25.698, 0.0, 0.0], [0.0, 0.0, 0.0, 0.0, 25.698, 0.0], [0.0, 0.0, 0.0, 0.0, 0.0, 20.576]], "space group": "P4/ncc"}, "BCT": {"crystal system": "tetragonal", "elastic tensor": [[162.458, 124.385, 114.042, 0.0, 0.0, 0.0], [124.385, 162.458, 114.042, 0.0, 0.0, 0.0], [114.042, 114.042, 246.07, 0.0, 0.0, 0.0], [0.0, 0.0, 0.0, 49.075, 0.0, 0.0], [0.0, 0.0, 0.0, 0.0, 49.075, 0.0], [0.0, 0.0, 0.0, 0.0, 0.0, 40.886]], "space group": "I4mm"}, "BEC": {"crystal system": "tetragonal", "elastic tensor": [[85.651, 44.626, 63.731, 0.0, 0.0, 0.0], [44.626, 85.651, 63.731, 0.0, 0.0, 0.0], [63.731, 63.731, 125.442, 0.0, 0.0, 0.0], [0.0, 0.0, 0.0, 28.584, 0.0, 0.0], [0.0, 0.0, 0.0, 0.0, 28.584, 0.0], [0.0, 0.0, 0.0, 0.0, 0.0, 18.112]], "space group": "I41/amd"}, "BIK": {"crystal system": "triclinic", "elastic tensor": [[230.853, 99.796, 58.629, 0.0, 0.0, 0.0], [99.796, 175.726, 104.587, 0.0, 0.0, 0.0], [58.629, 104.587, 211.676, 0.0, 0.0, 0.0], [0.0, 0.0, 0.0, 60.018, 0.0, 0.0], [0.0, 0.0, 0.0, 0.0, 30.342, 0.0], [0.0, 0.0, 0.0, 0.0, 0.0, 63.528]], "space group": "P1"}, "BPH": {"crystal system": "trigonal", "elastic tensor": [[83.864, 43.819, 46.54, 0.0, 0.0, 0.0], [43.819, 83.864, 46.54, 0.0, 0.0, 0.0], [46.54, 46.54, 110.084, 0.0, 0.0, 0.0], [0.0, 0.0, 0.0, 12.326, 0.0, 0.0], [0.0, 0.0, 0.0, 0.0, 12.326, 0.0], [0.0, 0.0, 0.0, 0.0, 0.0, 20.023]], "space group": "P321"}, "BRE": {"crystal system": "monoclinic", "elastic tensor": [[128.378, 42.547, 51.224, 0.0, 12.884, 0.0], [42.547, 100.289, 59.067, 0.0, 2.157, 0.0], [51.224, 59.067, 156.081, 0.0, 3.624, 0.0], [0.0, 0.0, 0.0, 8.595, 0.0, 0.901], [12.884, 2.157, 3.624, 0.0, 25.822, 0.0], [0.0, 0.0, 0.0, 0.901, 0.0, 13.618]], "space group": "P121/m1"}, "BSV": {"crystal system": "cubic", "elastic tensor": [[94.691, 47.567, 47.567, 0.0, 0.0, 0.0], [47.567, 94.691, 47.567, 0.0, 0.0, 0.0], [47.567, 47.567, 94.691, 0.0, 0.0, 0.0], [0.0, 0.0, 0.0, 29.752, 0.0, 0.0], [0.0, 0.0, 0.0, 0.0, 29.752, 0.0], [0.0, 0.0, 0.0, 0.0, 0.0, 29.752]], "space group": "Ia-3d"}, "CAN": {"crystal system": "hexagonal", "elastic tensor": [[142.548, 90.042, 82.66, 0.0, 0.0, 0.0], [90.042, 142.548, 82.66, 0.0, 0.0, 0.0], [82.66, 82.66, 191.223, 0.0, 0.0, 0.0], [0.0, 0.0, 0.0, 18.852, 0.0, 0.0], [0.0, 0.0, 0.0, 0.0, 18.852, 0.0], [0.0, 0.0, 0.0, 0.0, 0.0, 26.253]], "space group": "P63"}, "CAS": {"crystal system": "orthorhombic", "elastic tensor": [[207.131, 86.289, 91.747, 0.0, 0.0, 0.0], [86.289, 229.533, 84.02, 0.0, 0.0, 0.0], [91.747, 84.02, 181.279, 0.0, 0.0, 0.0], [0.0, 0.0, 0.0, 37.115, 0.0, 0.0], [0.0, 0.0, 0.0, 0.0, 34.165, 0.0], [0.0, 0.0, 0.0, 0.0, 0.0, 34.806]], "space group": "Ama2"}, "CDO": {"crystal system": "orthorhombic", "elastic tensor": [[196.085, 65.21, 48.822, 0.0, 0.0, 0.0], [65.21, 142.198, 63.835, 0.0, 0.0, 0.0], [48.822, 63.835, 184.835, 0.0, 0.0, 0.0], [0.0, 0.0, 0.0, 25.224, 0.0, 0.0], [0.0, 0.0, 0.0, 0.0, 30.642, 0.0], [0.0, 0.0, 0.0, 0.0, 0.0, 29.892]], "space group": "Pnma"}, "CFI": {"crystal system": "orthorhombic", "elastic tensor": [[149.535, 61.026, 62.908, 0.0, 0.0, 0.0], [61.026, 186.508, 81.984, 0.0, 0.0, 0.0], [62.908, 81.984, 138.922, 0.0, 0.0, 0.0], [0.0, 0.0, 0.0, 25.487, 0.0, 0.0], [0.0, 0.0, 0.0, 0.0, 35.023, 0.0], [0.0, 0.0, 0.0, 0.0, 0.0, 29.168]], "space group": "Pmn21"}, "CGF": {"crystal system": "monoclinic", "elastic tensor": [[83.795, -2.749, 23.981, 0.0, 13.968, 0.0], [-2.749, 51.381, 24.703, 0.0, -9.096, 0.0], [23.981, 24.703, 81.916, 0.0, 1.698, 0.0], [0.0, 0.0, 0.0, 11.795, 0.0, -3.198], [13.968, -9.096, 1.698, 0.0, 41.293, 0.0], [0.0, 0.0, 0.0, -3.198, 0.0, 11.084]], "space group": "I12/a1"}, "CHA": {"crystal system": "rhombohedral", "elastic tensor": [[107.553, 62.117, 72.662, 0.0, 4.83, 0.0], [62.117, 107.553, 72.662, 0.0, -4.83, 0.0], [72.662, 72.662, 81.378, 0.0, 0.0, 0.0], [0.0, 0.0, 0.0, 27.439, 0.0, -4.83], [4.83, -4.83, 0.0, 0.0, 27.439, 0.0], [0.0, 0.0, 0.0, -4.83, 0.0, 22.718]], "space group": "R-3m"}, "CZP": {"crystal system": "hexagonal", "elastic tensor": [[67.945, 25.058, 40.429, 0.0, 0.0, 0.0], [25.058, 67.945, 40.429, 0.0, 0.0, 0.0], [40.429, 40.429, 168.493, 0.0, 0.0, 0.0], [0.0, 0.0, 0.0, 39.88, 0.0, 0.0], [0.0, 0.0, 0.0, 0.0, 39.88, 0.0], [0.0, 0.0, 0.0, 0.0, 0.0, 21.443]], "space group": "P6122"}, "DAC": {"crystal system": "monoclinic", "elastic tensor": [[164.526, 87.581, 72.482, 0.0, 3.744, 0.0], [87.581, 210.35, 46.052, 0.0, 9.417, 0.0], [72.482, 46.052, 123.44, 0.0, -9.257, 0.0], [0.0, 0.0, 0.0, 27.57, 0.0, -0.936], [3.744, 9.417, -9.257, 0.0, 28.553, 0.0], [0.0, 0.0, 0.0, -0.936, 0.0, 36.007]], "space group": "C12/m1"}, "DFT": {"crystal system": "monoclinic", "elastic tensor": [[186.541, 95.189, 63.337, 0.0, 0.0, 0.0], [95.189, 186.541, 63.337, 0.0, 0.0, 0.0], [63.337, 63.337, 87.903, 0.0, 0.0, 0.0], [0.0, 0.0, 0.0, 12.305, 0.0, 0.0], [0.0, 0.0, 0.0, 0.0, 12.305, 0.0], [0.0, 0.0, 0.0, 0.0, 0.0, 6.037]], "space group": "I112/b"}, "EAB": {"crystal system": "hexagonal", "elastic tensor": [[101.646, 59.965, 77.862, 0.0, 0.0, 0.0], [59.965, 101.646, 77.862, 0.0, 0.0, 0.0], [77.862, 77.862, 119.494, 0.0, 0.0, 0.0], [0.0, 0.0, 0.0, 27.709, 0.0, 0.0], [0.0, 0.0, 0.0, 0.0, 27.709, 0.0], [0.0, 0.0, 0.0, 0.0, 0.0, 20.84]], "space group": "P63/mmc"}, "EDI": {"crystal system": "orthorhombic", "elastic tensor": [[181.281, 50.976, 62.57, 0.0, 0.0, 0.0], [50.976, 181.281, 62.57, 0.0, 0.0, 0.0], [62.57, 62.57, 140.574, 0.0, 0.0, 0.0], [0.0, 0.0, 0.0, 7.617, 0.0, 0.0], [0.0, 0.0, 0.0, 0.0, 7.617, 0.0], [0.0, 0.0, 0.0, 0.0, 0.0, 11.922]], "space group": "P21212"}, "EPI": {"crystal system": "monoclinic", "elastic tensor": [[151.565, 69.049, 67.793, 0.0, 22.319, 0.0], [69.049, 138.956, 68.447, 0.0, 3.565, 0.0], [67.793, 68.447, 126.582, 0.0, 0.17, 0.0], [0.0, 0.0, 0.0, 27.215, 0.0, 3.502], [22.319, 3.565, 0.17, 0.0, 56.135, 0.0], [0.0, 0.0, 0.0, 3.502, 0.0, 33.458]], "space group": "C2/m"}, "ERI": {"crystal system": "hexagonal", "elastic tensor": [[107.244, 59.839, 77.801, 0.0, 0.0, 0.0], [59.839, 107.244, 77.801, 0.0, 0.0, 0.0], [77.801, 77.801, 129.606, 0.0, 0.0, 0.0], [0.0, 0.0, 0.0, 22.429, 0.0, 0.0], [0.0, 0.0, 0.0, 0.0, 22.429, 0.0], [0.0, 0.0, 0.0, 0.0, 0.0, 23.703]], "space group": "P63/mmc"}, "FAU": {"crystal system": "cubic", "elastic tensor": [[83.504, 50.299, 50.299, 0.0, 0.0, 0.0], [50.299, 83.504, 50.299, 0.0, 0.0, 0.0], [50.299, 50.299, 83.504, 0.0, 0.0, 0.0], [0.0, 0.0, 0.0, 19.636, 0.0, 0.0], [0.0, 0.0, 0.0, 0.0, 19.636, 0.0], [0.0, 0.0, 0.0, 0.0, 0.0, 19.636]], "space group": "Fd-3m"}, "FER": {"crystal system": "orthorhombic", "elastic tensor": [[152.199, 71.296, 75.19, 0.0, 0.0, 0.0], [71.296, 173.515, 54.595, 0.0, 0.0, 0.0], [75.19, 54.595, 201.886, 0.0, 0.0, 0.0], [0.0, 0.0, 0.0, 30.392, 0.0, 0.0], [0.0, 0.0, 0.0, 0.0, 25.973, 0.0], [0.0, 0.0, 0.0, 0.0, 0.0, 20.707]], "space group": "Immm"}, "GIS": {"crystal system": "monoclinic", "elastic tensor": [[64.844, 51.069, 89.851, 0.0, 0.0, 0.0], [51.069, 64.844, 89.851, 0.0, 0.0, 0.0], [89.851, 89.851, 179.612, 0.0, 0.0, 0.0], [0.0, 0.0, 0.0, 39.815, 0.0, 0.0], [0.0, 0.0, 0.0, 0.0, 39.815, 0.0], [0.0, 0.0, 0.0, 0.0, 0.0, 20.615]], "space group": "P1121/a"}, "GME": {"crystal system": "hexagonal", "elastic tensor": [[111.835, 62.511, 71.221, 0.0, 0.0, 0.0], [62.511, 111.835, 71.221, 0.0, 0.0, 0.0], [71.221, 71.221, 76.354, 0.0, 0.0, 0.0], [0.0, 0.0, 0.0, 28.851, 0.0, 0.0], [0.0, 0.0, 0.0, 0.0, 28.851, 0.0], [0.0, 0.0, 0.0, 0.0, 0.0, 24.662]], "space group": "P63/mmc"}, "GON": {"crystal system": "orthorhombic", "elastic tensor": [[156.692, 90.701, 102.347, 0.0, 0.0, 0.0], [90.701, 139.577, 63.212, 0.0, 0.0, 0.0], [102.347, 63.212, 216.167, 0.0, 0.0, 0.0], [0.0, 0.0, 0.0, 11.525, 0.0, 0.0], [0.0, 0.0, 0.0, 0.0, 45.577, 0.0], [0.0, 0.0, 0.0, 0.0, 0.0, 26.144]], "space group": "C222"}, "GOO": {"crystal system": "monoclinic", "elastic tensor": [[53.558, 28.473, 21.86, 0.0, 0.0, 0.0], [28.473, 84.26, 50.956, 0.0, 0.0, 0.0], [21.86, 50.956, 104.154, 0.0, 0.0, 0.0], [0.0, 0.0, 0.0, 30.709, 0.0, 0.0], [0.0, 0.0, 0.0, 0.0, 15.447, 0.0], [0.0, 0.0, 0.0, 0.0, 0.0, 25.763]], "space group": "P1211"}, "HEU": {"crystal system": "monoclinic", "elastic tensor": [[141.328, 49.014, 47.906, 0.0, -6.849, 0.0], [49.014, 102.253, 40.459, 0.0, -14.24, 0.0], [47.906, 40.459, 127.239, 0.0, -14.102, 0.0], [0.0, 0.0, 0.0, 11.891, 0.0, -0.668], [-6.849, -14.24, -14.102, 0.0, 35.028, 0.0], [0.0, 0.0, 0.0, -0.668, 0.0, 11.397]], "space group": "Cm"}, "IFR": {"crystal system": "monoclinic", "elastic tensor": [[78.521, 56.58, 18.52, 0.0, 0.37, 0.0], [56.58, 103.856, 44.308, 0.0, 2.581, 0.0], [18.52, 44.308, 114.812, 0.0, 3.781, 0.0], [0.0, 0.0, 0.0, 22.689, 0.0, 1.735], [0.37, 2.581, 3.781, 0.0, 17.368, 0.0], [0.0, 0.0, 0.0, 1.735, 0.0, 26.55]], "space group": "I12/m1"}, "ITE": {"crystal system": "orthorhombic", "elastic tensor": [[96.159, 52.728, 54.76, 0.0, 0.0, 0.0], [52.728, 129.515, 50.87, 0.0, 0.0, 0.0], [54.76, 50.87, 116.965, 0.0, 0.0, 0.0], [0.0, 0.0, 0.0, 22.978, 0.0, 0.0], [0.0, 0.0, 0.0, 0.0, 13.27, 0.0], [0.0, 0.0, 0.0, 0.0, 0.0, 16.907]], "space group": "Cmcm"}, "ITW": {"crystal system": "monoclinic", "elastic tensor": [[92.023, 62.6, 65.489, 0.0, 7.727, 0.0], [62.6, 149.268, 101.12, 0.0, 11.24, 0.0], [65.489, 101.12, 113.867, 0.0, 10.632, 0.0], [0.0, 0.0, 0.0, 30.302, 0.0, -4.291], [7.727, 11.24, 10.632, 0.0, 36.482, 0.0], [0.0, 0.0, 0.0, -4.291, 0.0, 31.656]], "space group": "C1m1"}, "IWR": {"crystal system": "orthorhombic", "elastic tensor": [[78.618, 57.537, 55.083, 0.0, 0.0, 0.0], [57.537, 123.599, 53.468, 0.0, 0.0, 0.0], [55.083, 53.468, 93.587, 0.0, 0.0, 0.0], [0.0, 0.0, 0.0, 24.778, 0.0, 0.0], [0.0, 0.0, 0.0, 0.0, 35.591, 0.0], [0.0, 0.0, 0.0, 0.0, 0.0, 27.157]], "space group": "Cmmm"}, "JBW": {"crystal system": "orthorhombic", "elastic tensor": [[209.262, 74.589, 101.498, 0.0, 0.0, 0.0], [74.589, 132.815, 118.058, 0.0, 0.0, 0.0], [101.498, 118.058, 168.563, 0.0, 0.0, 0.0], [0.0, 0.0, 0.0, 22.871, 0.0, 0.0], [0.0, 0.0, 0.0, 0.0, 40.777, 0.0], [0.0, 0.0, 0.0, 0.0, 0.0, 18.293]], "space group": "Pna21"}, "JOZ": {"crystal system": "orthorhombic", "elastic tensor": [[122.576, 42.688, 41.152, 0.0, 0.0, 0.0], [42.688, 102.009, 32.9, 0.0, 0.0, 0.0], [41.152, 32.9, 138.827, 0.0, 0.0, 0.0], [0.0, 0.0, 0.0, 24.473, 0.0, 0.0], [0.0, 0.0, 0.0, 0.0, 8.505, 0.0], [0.0, 0.0, 0.0, 0.0, 0.0, 18.053]], "space group": "Pnma"}, "JRY": {"crystal system": "orthorhombic", "elastic tensor": [[140.548, 57.112, 71.663, 0.0, 0.0, 0.0], [57.112, 162.611, 84.054, 0.0, 0.0, 0.0], [71.663, 84.054, 128.773, 0.0, 0.0, 0.0], [0.0, 0.0, 0.0, 22.295, 0.0, 0.0], [0.0, 0.0, 0.0, 0.0, 18.327, 0.0], [0.0, 0.0, 0.0, 0.0, 0.0, 37.499]], "space group": "P212121"}, "JSN": {"crystal system": "monoclinic", "elastic tensor": [[103.689, 31.725, 58.5, 0.0, -3.591, 0.0], [31.725, 93.391, 51.695, 0.0, -6.766, 0.0], [58.5, 51.695, 122.419, 0.0, -9.389, 0.0], [0.0, 0.0, 0.0, 22.157, 0.0, -6.224], [-3.591, -6.766, -9.389, 0.0, 14.787, 0.0], [0.0, 0.0, 0.0, -6.224, 0.0, 7.252]], "space group": "P121/c1"}, "JST": {"crystal system": "cubic", "elastic tensor": [[29.408, -8.443, -8.443, 0.0, 0.0, 0.0], [-8.443, 29.408, -8.443, 0.0, 0.0, 0.0], [-8.443, -8.443, 29.408, 0.0, 0.0, 0.0], [0.0, 0.0, 0.0, 18.15, 0.0, 0.0], [0.0, 0.0, 0.0, 0.0, 18.15, 0.0], [0.0, 0.0, 0.0, 0.0, 0.0, 18.15]], "space group": "Pa-3"}, "KFI": {"crystal system": "cubic", "elastic tensor": [[115.384, 64.303, 64.303, 0.0, 0.0, 0.0], [64.303, 115.384, 64.303, 0.0, 0.0, 0.0], [64.303, 64.303, 115.384, 0.0, 0.0, 0.0], [0.0, 0.0, 0.0, 14.322, 0.0, 0.0], [0.0, 0.0, 0.0, 0.0, 14.322, 0.0], [0.0, 0.0, 0.0, 0.0, 0.0, 14.322]], "space group": "Im-3m"}, "LAU": {"crystal system": "monoclinic", "elastic tensor": [[49.165, 52.32, 22.708, 0.0, 3.669, 0.0], [52.32, 129.744, 27.476, 0.0, 3.443, 0.0], [22.708, 27.476, 75.51, 0.0, 5.92, 0.0], [0.0, 0.0, 0.0, 21.691, 0.0, 1.796], [3.669, 3.443, 5.92, 0.0, 15.229, 0.0], [0.0, 0.0, 0.0, 1.796, 0.0, 31.381]], "space group": "Am"}, "LEV": {"crystal system": "trigonal", "elastic tensor": [[101.135, 61.618, 79.363, 0.0, 0.441, 0.0], [61.618, 101.135, 79.363, 0.0, -0.441, 0.0], [79.363, 79.363, 130.372, 0.0, 0.0, 0.0], [0.0, 0.0, 0.0, 26.93, 0.0, -0.441], [0.441, -0.441, 0.0, 0.0, 26.93, 0.0], [0.0, 0.0, 0.0, -0.441, 0.0, 19.759]], "space group": "R-3m"}, "LIO": {"crystal system": "hexagonal", "elastic tensor": [[139.764, 89.358, 89.595, 0.0, 0.0, 0.0], [89.358, 139.764, 89.595, 0.0, 0.0, 0.0], [89.595, 89.595, 181.677, 0.0, 0.0, 0.0], [0.0, 0.0, 0.0, 23.365, 0.0, 0.0], [0.0, 0.0, 0.0, 0.0, 23.365, 0.0], [0.0, 0.0, 0.0, 0.0, 0.0, 25.203]], "space group": "P-6"}, "LOS": {"crystal system": "hexagonal", "elastic tensor": [[138.173, 89.191, 92.346, 0.0, 0.0, 0.0], [89.191, 138.173, 92.346, 0.0, 0.0, 0.0], [92.346, 92.346, 180.088, 0.0, 0.0, 0.0], [0.0, 0.0, 0.0, 24.195, 0.0, 0.0], [0.0, 0.0, 0.0, 0.0, 24.195, 0.0], [0.0, 0.0, 0.0, 0.0, 0.0, 24.491]], "space group": "P63mc"}, "LOV": {"crystal system": "orthorhombic", "elastic tensor": [[160.667, 80.76, 50.88, 0.0, 0.0, 0.0], [80.76, 160.667, 50.88, 0.0, 0.0, 0.0], [50.88, 50.88, 99.911, 0.0, 0.0, 0.0], [0.0, 0.0, 0.0, 25.842, 0.0, 0.0], [0.0, 0.0, 0.0, 0.0, 25.842, 0.0], [0.0, 0.0, 0.0, 0.0, 0.0, 9.744]], "space group": "Pma2"}, "LTA": {"crystal system": "cubic", "elastic tensor": [[113.768, 68.148, 68.148, 0.0, 0.0, 0.0], [68.148, 113.768, 68.148, 0.0, 0.0, 0.0], [68.148, 68.148, 113.768, 0.0, 0.0, 0.0], [0.0, 0.0, 0.0, 24.64, 0.0, 0.0], [0.0, 0.0, 0.0, 0.0, 24.64, 0.0], [0.0, 0.0, 0.0, 0.0, 0.0, 24.64]], "space group": "Fm-3c"}, "LTL": {"crystal system": "hexagonal", "elastic tensor": [[76.54, 57.665, 40.322, 0.0, 0.0, 0.0], [57.665, 76.54, 40.322, 0.0, 0.0, 0.0], [40.322, 40.322, 76.193, 0.0, 0.0, 0.0], [0.0, 0.0, 0.0, 15.034, 0.0, 0.0], [0.0, 0.0, 0.0, 0.0, 15.034, 0.0], [0.0, 0.0, 0.0, 0.0, 0.0, 9.437]], "space group": "P6/mmm"}, "MAZ": {"crystal system": "hexagonal", "elastic tensor": [[107.429, 83.774, 56.441, 0.0, 0.0, 0.0], [83.774, 107.429, 56.441, 0.0, 0.0, 0.0], [56.441, 56.441, 133.078, 0.0, 0.0, 0.0], [0.0, 0.0, 0.0, 18.922, 0.0, 0.0], [0.0, 0.0, 0.0, 0.0, 18.922, 0.0], [0.0, 0.0, 0.0, 0.0, 0.0, 11.828]], "space group": "P63/mmc"}, "MEI": {"crystal system": "hexagonal", "elastic tensor": [[88.769, 49.094, 45.198, 0.0, 0.0, 0.0], [49.094, 88.769, 45.198, 0.0, 0.0, 0.0], [45.198, 45.198, 135.288, 0.0, 0.0, 0.0], [0.0, 0.0, 0.0, 11.322, 0.0, 0.0], [0.0, 0.0, 0.0, 0.0, 11.322, 0.0], [0.0, 0.0, 0.0, 0.0, 0.0, 19.838]], "space group": "P63/m"}, "MEP": {"crystal system": "cubic", "elastic tensor": [[159.869, 78.149, 78.149, 0.0, 0.0, 0.0], [78.149, 159.869, 78.149, 0.0, 0.0, 0.0], [78.149, 78.149, 159.869, 0.0, 0.0, 0.0], [0.0, 0.0, 0.0, 40.252, 0.0, 0.0], [0.0, 0.0, 0.0, 0.0, 40.252, 0.0], [0.0, 0.0, 0.0, 0.0, 0.0, 40.252]], "space group": "Pm-3n"}, "MER": {"crystal system": "orthorhombic", "elastic tensor": [[164.617, 84.856, 59.855, 0.0, 0.0, 0.0], [84.856, 164.617, 59.855, 0.0, 0.0, 0.0], [59.855, 59.855, 43.333, 0.0, 0.0, 0.0], [0.0, 0.0, 0.0, 28.733, 0.0, 0.0], [0.0, 0.0, 0.0, 0.0, 28.733, 0.0], [0.0, 0.0, 0.0, 0.0, 0.0, 8.702]], "space group": "Immm"}, "MON": {"crystal system": "tetragonal", "elastic tensor": [[202.865, 81.2, 59.561, 0.0, 0.0, 0.0], [81.2, 202.865, 59.561, 0.0, 0.0, 0.0], [59.561, 59.561, 160.717, 0.0, 0.0, 0.0], [0.0, 0.0, 0.0, 34.188, 0.0, 0.0], [0.0, 0.0, 0.0, 0.0, 34.188, 0.0], [0.0, 0.0, 0.0, 0.0, 0.0, 33.004]], "space group": "I41/amd"}, "MOR": {"crystal system": "orthorhombic", "elastic tensor": [[144.301, 69.087, 76.736, 0.0, 0.0, 0.0], [69.087, 116.844, 41.426, 0.0, 0.0, 0.0], [76.736, 41.426, 197.202, 0.0, 0.0, 0.0], [0.0, 0.0, 0.0, 27.366, 0.0, 0.0], [0.0, 0.0, 0.0, 0.0, 34.293, 0.0], [0.0, 0.0, 0.0, 0.0, 0.0, 23.367]], "space group": "Cmcm"}, "MSO": {"crystal system": "rhombohedral", "elastic tensor": [[161.921, 79.122, 55.034, 0.0, 6.618, 0.0], [79.122, 161.921, 55.034, 0.0, -6.618, 0.0], [55.034, 55.034, 38.996, 0.0, 0.0, 0.0], [0.0, 0.0, 0.0, 31.665, 0.0, -6.618], [6.618, -6.618, 0.0, 0.0, 31.665, 0.0], [0.0, 0.0, 0.0, -6.618, 0.0, 41.399]], "space group": "R-3m"}, "MTN": {"crystal system": "cubic", "elastic tensor": [[189.548, 104.431, 104.431, 0.0, 0.0, 0.0], [104.431, 189.548, 104.431, 0.0, 0.0, 0.0], [104.431, 104.431, 189.548, 0.0, 0.0, 0.0], [0.0, 0.0, 0.0, 42.218, 0.0, 0.0], [0.0, 0.0, 0.0, 0.0, 42.218, 0.0], [0.0, 0.0, 0.0, 0.0, 0.0, 42.218]], "space group": "Fd-3m"}, "MTW": {"crystal system": "monoclinic", "elastic tensor": [[136.413, 87.221, 75.74, 0.0, -0.286, 0.0], [87.221, 204.616, 56.552, 0.0, 13.701, 0.0], [75.74, 56.552, 105.935, 0.0, -1.855, 0.0], [0.0, 0.0, 0.0, 18.173, 0.0, 9.211], [-0.286, 13.701, -1.855, 0.0, 37.557, 0.0], [0.0, 0.0, 0.0, 9.211, 0.0, 36.569]], "space group": "C12/c1"}, "MVY": {"crystal system": "orthorhombic", "elastic tensor": [[167.746, 21.909, 64.022, 0.0, 0.0, 0.0], [21.909, 46.683, 50.293, 0.0, 0.0, 0.0], [64.022, 50.293, 169.328, 0.0, 0.0, 0.0], [0.0, 0.0, 0.0, 34.805, 0.0, 0.0], [0.0, 0.0, 0.0, 0.0, 19.76, 0.0], [0.0, 0.0, 0.0, 0.0, 0.0, 51.496]], "space group": "Pmn21"}, "NAB": {"crystal system": "orthorhombic", "elastic tensor": [[142.294, 71.5, 44.064, 0.0, 0.0, 0.0], [71.5, 142.294, 44.064, 0.0, 0.0, 0.0], [44.064, 44.064, 119.387, 0.0, 0.0, 0.0], [0.0, 0.0, 0.0, 36.134, 0.0, 0.0], [0.0, 0.0, 0.0, 0.0, 36.134, 0.0], [0.0, 0.0, 0.0, 0.0, 0.0, 22.231]], "space group": "P212121"}, "NAT": {"crystal system": "orthorhombic", "elastic tensor": [[181.914, 52.195, 60.518, 0.0, 0.0, 0.0], [52.195, 181.914, 60.518, 0.0, 0.0, 0.0], [60.518, 60.518, 148.078, 0.0, 0.0, 0.0], [0.0, 0.0, 0.0, 9.78, 0.0, 0.0], [0.0, 0.0, 0.0, 0.0, 9.78, 0.0], [0.0, 0.0, 0.0, 0.0, 0.0, 12.249]], "space group": "Fdd2"}, "NON": {"crystal system": "orthorhombic", "elastic tensor": [[164.884, 92.174, 88.552, 0.0, 0.0, 0.0], [92.174, 191.124, 91.907, 0.0, 0.0, 0.0], [88.552, 91.907, 186.35, 0.0, 0.0, 0.0], [0.0, 0.0, 0.0, 37.572, 0.0, 0.0], [0.0, 0.0, 0.0, 0.0, 42.889, 0.0], [0.0, 0.0, 0.0, 0.0, 0.0, 39.389]], "space group": "Fmmm"}, "NPO": {"crystal system": "orthorhombic", "elastic tensor": [[129.918, 42.428, 82.893, 0.0, 0.0, 0.0], [42.428, 129.918, 82.893, 0.0, 0.0, 0.0], [82.893, 82.893, 208.703, 0.0, 0.0, 0.0], [0.0, 0.0, 0.0, 42.563, 0.0, 0.0], [0.0, 0.0, 0.0, 0.0, 42.563, 0.0], [0.0, 0.0, 0.0, 0.0, 0.0, 43.745]], "space group": "Pna21"}, "NPT": {"crystal system": "cubic", "elastic tensor": [[93.645, 46.946, 46.946, 0.0, 0.0, 0.0], [46.946, 93.645, 46.946, 0.0, 0.0, 0.0], [46.946, 46.946, 93.645, 0.0, 0.0, 0.0], [0.0, 0.0, 0.0, 25.953, 0.0, 0.0], [0.0, 0.0, 0.0, 0.0, 25.953, 0.0], [0.0, 0.0, 0.0, 0.0, 0.0, 25.953]], "space group": "Fm-3c"}, "NSI": {"crystal system": "monoclinic", "elastic tensor": [[228.384, 85.741, 81.503, 0.0, -0.737, 0.0], [85.741, 217.475, 94.201, 0.0, -20.213, 0.0], [81.503, 94.201, 178.811, 0.0, -9.472, 0.0], [0.0, 0.0, 0.0, 35.094, 0.0, -17.851], [-0.737, -20.213, -9.472, 0.0, 37.778, 0.0], [0.0, 0.0, 0.0, -17.851, 0.0, 42.708]], "space group": "P121/a1"}, "OBW": {"crystal system": "tetragonal", "elastic tensor": [[85.488, 41.497, 35.1, 0.0, 0.0, 0.0], [41.497, 85.488, 35.1, 0.0, 0.0, 0.0], [35.1, 35.1, 84.572, 0.0, 0.0, 0.0], [0.0, 0.0, 0.0, 22.861, 0.0, 0.0], [0.0, 0.0, 0.0, 0.0, 22.861, 0.0], [0.0, 0.0, 0.0, 0.0, 0.0, 26.518]], "space group": "I4/mmm"}, "OFF": {"crystal system": "hexagonal", "elastic tensor": [[108.586, 58.464, 77.608, 0.0, 0.0, 0.0], [58.464, 108.586, 77.608, 0.0, 0.0, 0.0], [77.608, 77.608, 122.941, 0.0, 0.0, 0.0], [0.0, 0.0, 0.0, 22.625, 0.0, 0.0], [0.0, 0.0, 0.0, 0.0, 22.625, 0.0], [0.0, 0.0, 0.0, 0.0, 0.0, 25.061]], "space group": "P-6m2"}, "OSI": {"crystal system": "orthorhombic", "elastic tensor": [[146.552, 72.219, 62.216, 0.0, 0.0, 0.0], [72.219, 146.552, 62.216, 0.0, 0.0, 0.0], [62.216, 62.216, 178.783, 0.0, 0.0, 0.0], [0.0, 0.0, 0.0, 28.664, 0.0, 0.0], [0.0, 0.0, 0.0, 0.0, 28.664, 0.0], [0.0, 0.0, 0.0, 0.0, 0.0, 14.599]], "space group": "Imm2"}, "OSO": {"crystal system": "trigonal", "elastic tensor": [[74.348, 37.463, 28.376, 0.0, 0.0, 0.0], [37.463, 74.348, 28.376, 0.0, 0.0, 0.0], [28.376, 28.376, 97.335, 0.0, 0.0, 0.0], [0.0, 0.0, 0.0, 16.06, 0.0, 0.0], [0.0, 0.0, 0.0, 0.0, 16.06, 0.0], [0.0, 0.0, 0.0, 0.0, 0.0, 18.442]], "space group": "P32"}, "OWE": {"crystal system": "orthorhombic", "elastic tensor": [[91.72, 60.332, 81.079, 0.0, 0.0, 0.0], [60.332, 161.385, 67.649, 0.0, 0.0, 0.0], [81.079, 67.649, 151.055, 0.0, 0.0, 0.0], [0.0, 0.0, 0.0, 3.66, 0.0, 0.0], [0.0, 0.0, 0.0, 0.0, 13.755, 0.0], [0.0, 0.0, 0.0, 0.0, 0.0, 28.785]], "space group": "Pbcm"}, "PHI": {"crystal system": "monoclinic", "elastic tensor": [[47.34, 57.536, 57.273, 0.0, 0.0, 0.0], [57.536, 146.657, 65.524, 0.0, 0.0, 0.0], [57.273, 65.524, 143.177, 0.0, 0.0, 0.0], [0.0, 0.0, 0.0, 8.92, 0.0, 0.0], [0.0, 0.0, 0.0, 0.0, 29.127, 0.0], [0.0, 0.0, 0.0, 0.0, 0.0, 27.567]], "space group": "P121/m1"}, "RHO": {"crystal system": "cubic", "elastic tensor": [[89.116, 70.82, 70.82, 0.0, 0.0, 0.0], [70.82, 89.116, 70.82, 0.0, 0.0, 0.0], [70.82, 70.82, 89.116, 0.0, 0.0, 0.0], [0.0, 0.0, 0.0, 26.076, 0.0, 0.0], [0.0, 0.0, 0.0, 0.0, 26.076, 0.0], [0.0, 0.0, 0.0, 0.0, 0.0, 26.076]], "space group": "Im-3m"}, "RRO": {"crystal system": "monoclinic", "elastic tensor": [[141.116, 45.125, 54.003, 0.0, 1.518, 0.0], [45.125, 96.976, 36.997, 0.0, 7.302, 0.0], [54.003, 36.997, 127.844, 0.0, 9.602, 0.0], [0.0, 0.0, 0.0, 11.592, 0.0, 0.075], [1.518, 7.302, 9.602, 0.0, 38.537, 0.0], [0.0, 0.0, 0.0, 0.075, 0.0, 21.64]], "space group": "P2/c"}, "RSN": {"crystal system": "monoclinic", "elastic tensor": [[166.437, 44.682, 77.446, 0.0, -0.032, 0.0], [44.682, 115.096, 56.574, 0.0, -0.148, 0.0], [77.446, 56.574, 160.773, 0.0, 0.071, 0.0], [0.0, 0.0, 0.0, 26.183, 0.0, 0.008], [-0.032, -0.148, 0.071, 0.0, 15.173, 0.0], [0.0, 0.0, 0.0, 0.008, 0.0, 35.241]], "space group": "C1m1"}, "RTE": {"crystal system": "monoclinic", "elastic tensor": [[128.163, 80.838, 64.662, 0.0, 0.518, 0.0], [80.838, 123.025, 74.47, 0.0, 7.377, 0.0], [64.662, 74.47, 114.068, 0.0, -1.132, 0.0], [0.0, 0.0, 0.0, 29.306, 0.0, 1.696], [0.518, 7.377, -1.132, 0.0, 19.159, 0.0], [0.0, 0.0, 0.0, 1.696, 0.0, 19.791]], "space group": "C12/m1"}, "RTH": {"crystal system": "monoclinic", "elastic tensor": [[125.54, 50.515, 47.757, 0.0, -9.872, 0.0], [50.515, 95.197, 52.876, 0.0, -4.885, 0.0], [47.757, 52.876, 114.574, 0.0, -6.703, 0.0], [0.0, 0.0, 0.0, 13.14, 0.0, -4.98], [-9.872, -4.885, -6.703, 0.0, 22.998, 0.0], [0.0, 0.0, 0.0, -4.98, 0.0, 17.084]], "space group": "C12/m1"}, "RUT": {"crystal system": "monoclinic", "elastic tensor": [[103.979, 75.974, 74.593, 0.0, 5.401, 0.0], [75.974, 144.093, 85.736, 0.0, 9.066, 0.0], [74.593, 85.736, 139.494, 0.0, -0.129, 0.0], [0.0, 0.0, 0.0, 28.53, 0.0, 0.34], [5.401, 9.066, -0.129, 0.0, 33.333, 0.0], [0.0, 0.0, 0.0, 0.34, 0.0, 27.698]], "space group": "P121/a1"}, "RWR": {"crystal system": "tetragonal", "elastic tensor": [[169.988, 62.691, 60.528, 0.0, 0.0, 0.0], [62.691, 169.988, 60.528, 0.0, 0.0, 0.0], [60.528, 60.528, 147.673, 0.0, 0.0, 0.0], [0.0, 0.0, 0.0, 29.88, 0.0, 0.0], [0.0, 0.0, 0.0, 0.0, 29.88, 0.0], [0.0, 0.0, 0.0, 0.0, 0.0, 36.037]], "space group": "I41/amd"}, "RWY": {"crystal system": "cubic", "elastic tensor": [[39.718, 25.359, 25.359, 0.0, 0.0, 0.0], [25.359, 39.718, 25.359, 0.0, 0.0, 0.0], [25.359, 25.359, 39.718, 0.0, 0.0, 0.0], [0.0, 0.0, 0.0, 4.235, 0.0, 0.0], [0.0, 0.0, 0.0, 0.0, 4.235, 0.0], [0.0, 0.0, 0.0, 0.0, 0.0, 4.235]], "space group": "I-43m"}, "SAS": {"crystal system": "tetragonal", "elastic tensor": [[92.042, 78.212, 74.085, 0.0, 0.0, 0.0], [78.212, 92.042, 74.085, 0.0, 0.0, 0.0], [74.085, 74.085, 121.678, 0.0, 0.0, 0.0], [0.0, 0.0, 0.0, 18.472, 0.0, 0.0], [0.0, 0.0, 0.0, 0.0, 18.472, 0.0], [0.0, 0.0, 0.0, 0.0, 0.0, 34.731]], "space group": "P4/mnc"}, "SBN": {"crystal system": "orthorhombic", "elastic tensor": [[131.339, 47.715, 58.48, 0.0, 0.0, 0.0], [47.715, 131.339, 58.48, 0.0, 0.0, 0.0], [58.48, 58.48, 184.503, 0.0, 0.0, 0.0], [0.0, 0.0, 0.0, 6.703, 0.0, 0.0], [0.0, 0.0, 0.0, 0.0, 6.703, 0.0], [0.0, 0.0, 0.0, 0.0, 0.0, 41.812]], "space group": "Pnna"}, "SFE": {"crystal system": "monoclinic", "elastic tensor": [[133.086, 56.643, 58.473, 0.0, -9.255, 0.0], [56.643, 164.051, 52.659, 0.0, -10.959, 0.0], [58.473, 52.659, 164.917, 0.0, -6.117, 0.0], [0.0, 0.0, 0.0, 21.243, 0.0, -9.092], [-9.255, -10.959, -6.117, 0.0, 29.475, 0.0], [0.0, 0.0, 0.0, -9.092, 0.0, 28.64]], "space group": "P1211"}, "SFO": {"crystal system": "monoclinic", "elastic tensor": [[87.48, 51.093, 35.121, 0.0, 1.858, 0.0], [51.093, 96.641, 45.641, 0.0, -1.672, 0.0], [35.121, 45.641, 92.304, 0.0, -2.253, 0.0], [0.0, 0.0, 0.0, 19.151, 0.0, -0.353], [1.858, -1.672, -2.253, 0.0, 7.45, 0.0], [0.0, 0.0, 0.0, -0.353, 0.0, 24.008]], "space group": "C12/c1"}, "SGT": {"crystal system": "tetragonal", "elastic tensor": [[129.811, 56.411, 40.524, 0.0, 0.0, 0.0], [56.411, 129.811, 40.524, 0.0, 0.0, 0.0], [40.524, 40.524, 108.752, 0.0, 0.0, 0.0], [0.0, 0.0, 0.0, 22.23, 0.0, 0.0], [0.0, 0.0, 0.0, 0.0, 22.23, 0.0], [0.0, 0.0, 0.0, 0.0, 0.0, 24.877]], "space group": "I41/amd"}, "SOD": {"crystal system": "cubic", "elastic tensor": [[161.502, 92.469, 92.469, 0.0, 0.0, 0.0], [92.469, 161.502, 92.469, 0.0, 0.0, 0.0], [92.469, 92.469, 161.502, 0.0, 0.0, 0.0], [0.0, 0.0, 0.0, 21.751, 0.0, 0.0], [0.0, 0.0, 0.0, 0.0, 21.751, 0.0], [0.0, 0.0, 0.0, 0.0, 0.0, 21.751]], "space group": "P-43n"}, "SOS": {"crystal system": "monoclinic", "elastic tensor": [[133.471, 70.29, 24.564, 0.0, 0.0, 0.0], [70.29, 101.482, 12.185, 0.0, 0.0, 0.0], [24.564, 12.185, 16.075, 0.0, 0.0, 0.0], [0.0, 0.0, 0.0, 7.142, 0.0, 0.0], [0.0, 0.0, 0.0, 0.0, 14.201, 0.0], [0.0, 0.0, 0.0, 0.0, 0.0, 24.324]], "space group": "P121/c1"}, "STF": {"crystal system": "triclinic", "elastic tensor": [[111.851, 56.813, 48.561, 0.0, 16.215, 0.0], [56.813, 99.033, 42.294, 0.0, 10.848, 0.0], [48.561, 42.294, 122.516, 0.0, 7.683, 0.0], [0.0, 0.0, 0.0, 22.099, 0.0, 1.325], [16.215, 10.848, 7.683, 0.0, 25.872, 0.0], [0.0, 0.0, 0.0, 1.325, 0.0, 24.28]], "space group": "P-1"}, "STI": {"crystal system": "monoclinic", "elastic tensor": [[151.349, 65.82, 62.17, 0.0, 0.0, 0.0], [65.82, 109.156, 40.468, 0.0, 0.0, 0.0], [62.17, 40.468, 114.425, 0.0, 0.0, 0.0], [0.0, 0.0, 0.0, 8.055, 0.0, 0.0], [0.0, 0.0, 0.0, 0.0, 16.65, 0.0], [0.0, 0.0, 0.0, 0.0, 0.0, 36.508]], "space group": "C12/m1"}, "SZR": {"crystal system": "orthorhombic", "elastic tensor": [[127.388, 76.808, 94.035, 0.0, 0.0, 0.0], [76.808, 147.238, 76.142, 0.0, 0.0, 0.0], [94.035, 76.142, 124.292, 0.0, 0.0, 0.0], [0.0, 0.0, 0.0, 27.564, 0.0, 0.0], [0.0, 0.0, 0.0, 0.0, 38.464, 0.0], [0.0, 0.0, 0.0, 0.0, 0.0, 31.917]], "space group": "Cmmm"}, "THO": {"crystal system": "orthorhombic", "elastic tensor": [[180.716, 51.061, 62.814, 0.0, 0.0, 0.0], [51.061, 181.122, 63.178, 0.0, 0.0, 0.0], [62.814, 63.178, 140.857, 0.0, 0.0, 0.0], [0.0, 0.0, 0.0, 7.737, 0.0, 0.0], [0.0, 0.0, 0.0, 0.0, 7.857, 0.0], [0.0, 0.0, 0.0, 0.0, 0.0, 12.046]], "space group": "Pncn"}, "TON": {"crystal system": "orthorhombic", "elastic tensor": [[137.411, 67.608, 51.453, 0.0, 0.0, 0.0], [67.608, 178.522, 96.633, 0.0, 0.0, 0.0], [51.453, 96.633, 198.245, 0.0, 0.0, 0.0], [0.0, 0.0, 0.0, 47.97, 0.0, 0.0], [0.0, 0.0, 0.0, 0.0, 18.799, 0.0], [0.0, 0.0, 0.0, 0.0, 0.0, 49.22]], "space group": "Cmc21"}, "UEI": {"crystal system": "orthorhombic", "elastic tensor": [[170.784, 60.768, 115.746, 0.0, 0.0, 0.0], [60.768, 52.999, 54.972, 0.0, 0.0, 0.0], [115.746, 54.972, 130.641, 0.0, 0.0, 0.0], [0.0, 0.0, 0.0, 25.751, 0.0, 0.0], [0.0, 0.0, 0.0, 0.0, 19.247, 0.0], [0.0, 0.0, 0.0, 0.0, 0.0, 30.377]], "space group": "Aea2"}, "UFI": {"crystal system": "tetragonal", "elastic tensor": [[132.007, 76.023, 56.08, 0.0, 0.0, 0.0], [76.023, 132.007, 56.08, 0.0, 0.0, 0.0], [56.08, 56.08, 70.578, 0.0, 0.0, 0.0], [0.0, 0.0, 0.0, 27.471, 0.0, 0.0], [0.0, 0.0, 0.0, 0.0, 27.471, 0.0], [0.0, 0.0, 0.0, 0.0, 0.0, 24.077]], "space group": "I4/mmm"}, "UOS": {"crystal system": "orthorhombic", "elastic tensor": [[99.544, 66.046, 64.685, 0.0, 0.0, 0.0], [66.046, 139.799, 97.23, 0.0, 0.0, 0.0], [64.685, 97.23, 117.255, 0.0, 0.0, 0.0], [0.0, 0.0, 0.0, 25.612, 0.0, 0.0], [0.0, 0.0, 0.0, 0.0, 20.926, 0.0], [0.0, 0.0, 0.0, 0.0, 0.0, 17.304]], "space group": "Cmcm"}, "UOZ": {"crystal system": "tetragonal", "elastic tensor": [[52.808, -8.01, 31.734, 0.0, 0.0, 0.0], [-8.01, 52.808, 31.734, 0.0, 0.0, 0.0], [31.734, 31.734, 101.822, 0.0, 0.0, 0.0], [0.0, 0.0, 0.0, 30.145, 0.0, 0.0], [0.0, 0.0, 0.0, 0.0, 30.145, 0.0], [0.0, 0.0, 0.0, 0.0, 0.0, 7.723]], "space group": "P-4n2"}, "VET": {"crystal system": "tetragonal", "elastic tensor": [[141.706, 53.862, 43.849, 0.0, 0.0, -0.967], [53.862, 141.706, 43.849, 0.0, 0.0, 0.967], [43.849, 43.849, 141.433, 0.0, 0.0, 0.0], [0.0, 0.0, 0.0, 25.274, 0.0, 0.0], [0.0, 0.0, 0.0, 0.0, 25.274, 0.0], [-0.967, 0.967, 0.0, 0.0, 0.0, 28.061]], "space group": "P-4"}, "VFI": {"crystal system": "hexagonal", "elastic tensor": [[96.422, 49.317, 43.964, 0.0, 0.0, 0.0], [49.317, 96.422, 43.964, 0.0, 0.0, 0.0], [43.964, 43.964, 176.657, 0.0, 0.0, 0.0], [0.0, 0.0, 0.0, 23.483, 0.0, 0.0], [0.0, 0.0, 0.0, 0.0, 23.483, 0.0], [0.0, 0.0, 0.0, 0.0, 0.0, 23.553]], "space group": "P63"}, "VSV": {"crystal system": "orthorhombic", "elastic tensor": [[165.935, 74.394, 49.484, 0.0, 0.0, 0.0], [74.394, 165.935, 49.484, 0.0, 0.0, 0.0], [49.484, 49.484, 135.724, 0.0, 0.0, 0.0], [0.0, 0.0, 0.0, 35.864, 0.0, 0.0], [0.0, 0.0, 0.0, 0.0, 35.864, 0.0], [0.0, 0.0, 0.0, 0.0, 0.0, 25.265]], "space group": "Fdd2"}, "WEI": {"crystal system": "monoclinic", "elastic tensor": [[53.156, 39.188, 13.182, 0.0, 0.0, 0.0], [39.188, 113.29, 84.468, 0.0, 0.0, 0.0], [13.182, 84.468, 131.476, 0.0, 0.0, 0.0], [0.0, 0.0, 0.0, 33.141, 0.0, 0.0], [0.0, 0.0, 0.0, 0.0, 6.153, 0.0], [0.0, 0.0, 0.0, 0.0, 0.0, 35.978]], "space group": "C1c1"}, "YUG": {"crystal system": "monoclinic", "elastic tensor": [[129.994, 52.891, 63.514, 0.0, 11.23, 0.0], [52.891, 143.253, 56.846, 0.0, 3.314, 0.0], [63.514, 56.846, 119.095, 0.0, 12.752, 0.0], [0.0, 0.0, 0.0, 12.481, 0.0, -1.911], [11.23, 3.314, 12.752, 0.0, 53.672, 0.0], [0.0, 0.0, 0.0, -1.911, 0.0, 29.133]], "space group": "Pc"}, "ZON": {"crystal system": "orthorhombic", "elastic tensor": [[91.274, 50.8, 28.675, 0.0, 0.0, 0.0], [50.8, 125.222, 56.071, 0.0, 0.0, 0.0], [28.675, 56.071, 100.046, 0.0, 0.0, 0.0], [0.0, 0.0, 0.0, 13.92, 0.0, 0.0], [0.0, 0.0, 0.0, 0.0, 5.909, 0.0], [0.0, 0.0, 0.0, 0.0, 0.0, 21.623]], "space group": "Pbca"}}